system_file	kepler_file	num_moons	Planet_period(days)	P_Transits_present/absent	SNR1	SNR2	SNR3	SNR4	SNR5	M_Transits_present/absent1	M_Transits_present/absent2	M_Transits_present/absent3	M_Transits_present/absent4	M_Transits_present/absent5	DW_statistic	Best_offset	Planet_Transit_duration	t0_bary
july13_res_56	dummy_lc.txt	1	322.40345826281595	1111	56.19185436470851	NA	NA	NA	NA	1111	NA	NA	NA	NA	1.9892196251535503	66.26733589370374	0.38442179020656575	421.16464222905915
july13_res_666	dummy_lc.txt	1	15.550086643137641	11111011111100000011111101011111111100000011111111111011111000000011011111111110	4.2142236863599205	NA	NA	NA	NA	11111011111100000011111101011111111100000011111111111011111000000011011111111110	NA	NA	NA	NA	1.9907426196776519	4.765253773036352	0.2412669679239791	357.662224315814
july13_res_731	dummy_lc.txt	1	38.22788395145724	101110001111111001111111100111111	8.02663931952778	NA	NA	NA	NA	101110001111111001111111100111111	NA	NA	NA	NA	1.9864522664854978	2.5661687313222057	0.23627502099655592	355.46319963823515
july13_res_296	dummy_lc.txt	1	19.571557642646383	1011111111000011101011101110100001111111110111100000110111111111	1.9817555420049444	NA	NA	NA	NA	1011111111000011101011101110100001111111110111100000110111111111	NA	NA	NA	NA	1.9895440422565593	4.447390213369681	0.16123340696291802	357.3443936576769
july13_res_546	dummy_lc.txt	1	557.8120402483117	111	4.044634856400023	NA	NA	NA	NA	111	NA	NA	NA	NA	1.9889704063842668	105.13564835295922	0.7518396625526225	460.03262913058876
july13_res_856	dummy_lc.txt	1	496.8383934745779	111	10.321006252681457	NA	NA	NA	NA	111	NA	NA	NA	NA	1.9892877806496352	29.505317112670262	0.745665053252683	384.4029812281888
july13_res_161	dummy_lc.txt	1	153.87798811378568	111101011	1417.6387959425754	NA	NA	NA	NA	011101000	NA	NA	NA	NA	1.9897656178665617	0.0	0.4273502177392542	356.397444516991
july13_res_71	dummy_lc.txt	1	231.03360267821233	111101	11.17714816843838	NA	NA	NA	NA	111101	NA	NA	NA	NA	1.9903800423881586	55.81688920804226	0.648758390470414	409.71261362240716
july13_res_701	dummy_lc.txt	1	69.74889404798624	111011110011110111	65.68486325330767	NA	NA	NA	NA	111011110011110111	NA	NA	NA	NA	1.9924649941975565	0.0	0.240612500319511	353.3967266449329
july13_res_536	dummy_lc.txt	1	69.15723171371553	111011110011110111	9.652314379885913	NA	NA	NA	NA	111011110011110111	NA	NA	NA	NA	1.992044735487117	0.5975481351211182	0.36770819532750876	353.99451747184594
july13_res_136	dummy_lc.txt	1	150.29614718993975	111101111	16.064489284556196	NA	NA	NA	NA	111101111	NA	NA	NA	NA	1.9877303134829816	4.251415397223618	0.369672688238179	357.647857478784
july13_res_226	dummy_lc.txt	1	306.49187911490077	1111	18.051021506950608	NA	NA	NA	NA	1111	NA	NA	NA	NA	1.9894702705600262	107.81540937662055	0.6598296996273898	462.21191570581476
july13_res_676	dummy_lc.txt	1	575.4147619690644	111	24.391700875796452	NA	NA	NA	NA	111	NA	NA	NA	NA	1.988361656770319	74.246498878645	0.5446841439595924	430.1426185411052
july13_res_366	dummy_lc.txt	1	204.13633854423807	111111	2.973125091446249	NA	NA	NA	NA	111111	NA	NA	NA	NA	1.9912224790255217	74.51676731649201	0.8706336959478003	427.9143203256588
july13_res_627	dummy_lc.txt	2	14.554776331190531	1100110111111000000110111101011011111100000001111110101111111111000000111011111111111	1.947445367410307	3.937462047094747	NA	NA	NA	1100110111111000000110111101011011111100000001111110101111111111000000111011111111111	1100110111111000000110111101011011111100000001111110101111111111000000111011111111111	NA	NA	NA	1.9918269579681844	1.932336399339611	0.14455464163149323	354.8293227892296
july13_res_772	dummy_lc.txt	2	203.11594231367232	111111	3.5412691047118328	3.8610344815146913	NA	NA	NA	111111	111111	NA	NA	NA	1.991559879436893	76.07599259520362	0.5586369311204515	429.4729567056668
july13_res_52	dummy_lc.txt	2	31.742359000624024	1111110001110111110001111111100001111101	7.671843183819141	8.3426841340769	NA	NA	NA	1111110001110111110001111111100001111101	1111110001110111110001111111100001111101	NA	NA	NA	1.9889087010303774	0.0	0.17788921539181726	352.8969553033742
july13_res_637	dummy_lc.txt	2	424.501324539677	111	1.836436933693365	1.6817750747129243	NA	NA	NA	111	111	NA	NA	NA	1.9908735627281837	0.0	0.7449587960949796	353.8970029999995
july13_res_117	dummy_lc.txt	2	262.92017931315974	11111	1.5339754983103053	1.6490056514065148	NA	NA	NA	11111	11111	NA	NA	NA	1.9892190114244173	15.328497399506873	0.2919280493838725	368.2254726208032
july13_res_292	dummy_lc.txt	2	363.606053510056	1111	18.76233983215928	16.42890224755612	NA	NA	NA	1111	1111	NA	NA	NA	1.9908375891728518	0.0	0.4826488325958788	354.896999666644
july13_res_317	dummy_lc.txt	2	10.954910197494266	111110110111111110000000001111111101111111111111111000000000111111111111110101111111000000000011001111101110111111	0.7061309096534102	1.1690524350021898	NA	NA	NA	111110110111111110000000001111111101111111111111111000000000111111111111110101111111000000000011001111101110111111	111110110111111110000000001111111101111111111111111000000000111111111111110101111111000000000011001111101110111111	NA	NA	NA	1.9928097287068005	0.0	0.3179880187033405	352.8970033522267
july13_res_842	dummy_lc.txt	2	11.798266270515077	111100100111111100000000111111110111110111111110000000011111110011111111111111000000000111011111011111111	1.2894876044839096	0.8984231482640987	NA	NA	NA	111100100111111100000000111111110111110111111110000000011111110011111111111111000000000111011111011111111	111100100111111100000000111111110111110111111110000000011111110011111111111111000000000111011111011111111	NA	NA	NA	1.9833656062379084	0.2546326149890498	0.13551394405614312	353.149285536653
july13_res_857	dummy_lc.txt	2	30.956913572419573	1111110000110111110001111111110001111111	192.58708195973566	65.23252787952616	NA	NA	NA	1111110000110111110001111111110001111111	1111110000110111110001111111110001111111	NA	NA	NA	1.9881315094007939	1.6935024781616161	0.22188882511105626	355.0903258833312
july13_res_647	dummy_lc.txt	2	22.51967093511869	1101111100001111011111111000011111111111100001111111111	1.812371151045465	2.0897337283295263	NA	NA	NA	1101111100001111011111111000011111111111100001111111111	1101111100001111011111111000011111111111100001111111111	NA	NA	NA	1.9915637638978674	11.508028144929845	0.1813188375389301	364.4049791531468
july13_res_542	dummy_lc.txt	2	121.22276795491977	1111111111	5.298382543465891	2.978317730138045	NA	NA	NA	1111111111	1111111111	NA	NA	NA	1.9915465018235563	55.049672316266765	0.26376062158942953	408.44663593832104
july13_res_802	dummy_lc.txt	2	11.881329107593357	101111111111111100000000111111100111110111111110000000001111111111110111111111000000001111111110111111111	4.701186651341612	2.9674060010290297	NA	NA	NA	101111111111111100000000111111100111110111111110000000001111111111110111111111000000001111111110111111111	101111111111111100000000111111100111110111111110000000001111111111110111111111000000001111111110111111111	NA	NA	NA	1.9899194337734145	0.456060182614616	0.29871177827045825	353.3531440369227
july13_res_247	dummy_lc.txt	2	302.07005597368703	11011	5.732014368265473	7.414460979823776	NA	NA	NA	11011	11011	NA	NA	NA	1.9927748749546015	0.0	0.6937151641101301	354.39665299708327
july13_res_512	dummy_lc.txt	2	27.976682559539356	111111100011100101110001111111111000011111111	4.259810243176386	3.1091110117602128	NA	NA	NA	111111100011100101110001111111111000011111111	111111100011100101110001111111111000011111111	NA	NA	NA	1.9889212926283453	5.267024726751861	0.16741758637466084	358.1601775984142
july13_res_982	dummy_lc.txt	2	33.591661831137856	1111110011101111100011111111000111111	2.1583061899817166	3.1512560486904295	NA	NA	NA	1111110011101111100011111111000111111	1111110011101111100011111111000111111	NA	NA	NA	1.9875007372032067	9.531978864344357	0.18239934734266414	362.4289960062299
july13_res_252	dummy_lc.txt	2	14.613242220771305	1110111111111000000011111011111111111100000001111111111111111110000000111111101101110	3.503540774546688	3.7236900825200374	NA	NA	NA	1110111111111000000011111011111111111100000001111111111111111110000000111111101101110	1110111111111000000011111011111111111100000001111111111111111110000000111111101101110	NA	NA	NA	1.9845057628938934	3.6346629244498283	0.1988404192691957	356.5316821257271
july13_res_2	dummy_lc.txt	2	25.232730660728258	1011111100011111011111000011111111111000011111111	7.521778842366711	3.9078563111565483	NA	NA	NA	1011111100011111011111000011111111111000011111111	1011111100011111011111000011111111111000011111111	NA	NA	NA	1.9918544422463667	6.155266783361812	0.2182038530024452	359.0507151552696
july13_res_558	dummy_lc.txt	3	138.5077303473502	111101101	3.133463190225538	2.13830417475055	2.3431269547937106	NA	NA	111101101	111101101	111101101	NA	NA	1.9892386963805493	0.0	0.2566229652158799	353.39703936424183
july13_res_603	dummy_lc.txt	3	257.57342526823487	11111	4.651275375126003	3.49297409099091	2.8774380265790733	NA	NA	11111	11111	11111	NA	NA	1.9913639041028308	20.00593919121288	0.5145705095157495	373.9028699681883
july13_res_63	dummy_lc.txt	3	115.24006020967074	11111011011	1.876973435025552	1.3193917245368403	2.507213218268207	NA	NA	11111011011	11111011011	11111011011	NA	NA	1.9874150498946783	47.83678936268336	0.38909914316727345	401.2329159744507
july13_res_348	dummy_lc.txt	3	163.98934165321734	11111101	1.388719662374014	1.6484273786863488	1.2690336114788936	NA	NA	11111101	11111101	11111101	NA	NA	1.9928341764325388	1.5554483257224285	0.39459250745589575	354.9524087324193
july13_res_913	dummy_lc.txt	3	77.48895648170625	1110111011110111	3.47040415555516	1.8240095207407319	7.886186339336405	NA	NA	1110111011110111	1110111011110111	1110111011110111	NA	NA	1.9927132521101119	28.631679251700348	0.2852646140631134	381.5286804972558
july13_res_708	dummy_lc.txt	3	54.290254964284195	11110111111011111001111	3.393399913557179	3.3912620767291486	2.5685245866580804	NA	NA	11110111111011111001111	11110111111011111001111	11110111111011111001111	NA	NA	1.989646844154425	6.710649655150988	0.30257650761486393	359.60761989543863
july13_res_863	dummy_lc.txt	3	495.3468019913952	111	6.359936690024037	5.273852541878321	8.486295907637244	NA	NA	111	111	111	NA	NA	1.9890057139620994	34.317453002774286	0.6103340687801825	389.21442266921883
july13_res_763	dummy_lc.txt	3	42.662020851667236	11111001111110011111110011111	9.162531884145569	10.651527139769593	11.04281036246836	NA	NA	11111001111110011111110011111	11111001111110011111110011111	11111001111110011111110011111	NA	NA	1.9929242379794396	10.227525983389642	0.18864672055380557	363.1244507268125
july13_res_838	dummy_lc.txt	3	34.134667595649816	111111001111111100011101011000111111	1.9940863602066756	1.5542116883852692	3.319156563255628	NA	NA	111111001111111100011101011000111111	111111001111111100011101011000111111	111111001111111100011101011000111111	NA	NA	1.9892335607826708	13.895697292682582	0.17718959955862873	366.79273574841
july13_res_943	dummy_lc.txt	3	12.336368748995113	11111110111111100000000111111101101111111111100000000010111101111111111111100000000111011111111111111	2.9906392652964606	3.6577761339568866	5.636726445950889	NA	NA	11111110111111100000000111111101101111111111100000000010111101111111111111100000000111011111111111111	11111110111111100000000111111101101111111111100000000010111101111111111111100000000111011111111111111	11111110111111100000000111111101101111111111100000000010111101111111111111100000000111011111111111111	NA	NA	1.98306819214293	0.9203050815329419	0.8971463739666675	354.31751777740595
july13_res_478	dummy_lc.txt	3	194.35355716558402	111111	1.6009511688938676	2.123456065129117	1.230906784412353	NA	NA	111111	111111	011101	NA	NA	1.9906286628810845	94.970040055427	0.374917865377716	448.3669930545939
july13_res_808	dummy_lc.txt	3	348.7929845735656	1111	6.0731547942000255	5.488823031864519	7.2745917053051405	NA	NA	1111	1111	1111	NA	NA	1.9902491206829989	0.0	0.4072013191433487	353.89707966751826
july13_res_243	dummy_lc.txt	3	128.9942722047399	1101111111	5.972983181394328	7.14052421415564	7.596438343530438	NA	NA	1101111111	1101111111	1101111111	NA	NA	1.991099155009132	3.605877323835667	0.366412978919853	357.00320084199853
july13_res_168	dummy_lc.txt	3	119.83362191338139	1111111111	4.129765846566337	1.5013776069146723	5.447082586147692	NA	NA	1111111111	1111111111	1111000111	NA	NA	1.993408347880558	62.12853796591681	0.35570466063055495	415.52478326098094
july13_res_738	dummy_lc.txt	3	37.80875522850185	111110011110111001111111000111111	0.6329238313934316	0.7204057816462845	0.6289243292636949	NA	NA	111110011110111001111111000111111	111110011110111001111111000111111	111110011110111001111111000111111	NA	NA	1.9895692135652794	18.54075909418838	0.21430861207452065	371.43537868140766
july13_res_848	dummy_lc.txt	3	77.87823877143563	1110111011110111	4.168786981176354	4.14989646853132	2.760727045446553	NA	NA	1110111011110111	1110111011110111	1110111011110111	NA	NA	1.9908237611696877	26.739932355270756	0.42009000085727544	380.1368843017883
july13_res_83	dummy_lc.txt	3	15.472357955003117	11101111111100000011111100111111111100000011111101111111111100000011111110111111	3.5636327167458086	3.318944119158692	2.4273401645885495	NA	NA	11101111111100000011111100111111111100000011111101111111111100000011111110111111	11101111111100000011111100111111111100000011111101111111111100000011111110111111	11101111111100000011111100111111111100000011111101111111111100000011111110111111	NA	NA	1.9895221348362118	0.7185930745236583	0.22529683492927297	353.6155913850774
july13_res_289	dummy_lc.txt	4	143.52442178104278	111101111	4.8709899968328605	4.583004130263349	3.527503256164282	4.115235418464634	NA	111101111	111101111	111101111	011000110	NA	1.988693390381175	16.184794375929926	0.377126797277398	369.5816655555508
july13_res_974	dummy_lc.txt	4	239.6415971203286	11111	2.112821232050681	2.0084979889588794	3.3712328767979343	2.7805385059475713	NA	11111	11111	11111	11111	NA	1.990097354037345	62.629520643109245	0.47244898240994665	416.02654507203727
july13_res_424	dummy_lc.txt	4	10.883776633919654	011010110111111110000000001111101100111111011111111000000000111111011111111101110101100000000011111111110111110010	5.485159027831248	7.163527041569504	7.686350526378721	5.664769915298636	NA	011010110111111110000000001111101100111111011111111000000000111111011111111101110101100000000011111111110111110010	011010110111111110000000001111101100111111011111111000000000111111011111111101110101100000000011111111110111110010	011010110111111110000000001111101100111111011111111000000000111111011111111101110101100000000011111111110111110010	011010110111111110000000001111101100111111011111111000000000111111011111111101110101100000000011111111110111110010	NA	1.9884900775816896	0.0	0.1157598563588796	352.8970223759143
july13_res_659	dummy_lc.txt	4	239.6415971203286	11111	4.636423452148979	4.534765383939407	2.304424974751449	6.929581947447226	NA	11111	11111	11111	11111	NA	1.9904758766103863	62.629668372843916	0.434400408035034	416.02615112607816
july13_res_629	dummy_lc.txt	4	329.5910809321878	1111	3.025624537793549	9.097956243582233	7.452802342238321	3.3972434175013966	NA	1111	1111	1111	1110	NA	1.9892773318250134	32.281939824938625	0.4073959918620451	386.17881949023405
july13_res_544	dummy_lc.txt	4	151.27844413526995	111101111	1.6938412550655813	2.081667223798937	2.291428258427296	2.518800297996401	NA	111101111	111101111	111101111	110001111	NA	1.98736196388487	9.9893889028048	0.438490661681862	363.38633584126404
july13_res_74	dummy_lc.txt	4	146.87126206768505	111101111	3.9519839948239124	2.0491389370864375	5.475078470967475	2.0198356876654047	NA	111101111	111101111	111101111	111000111	NA	1.987644911212717	0.0	0.363722259327616	353.3971484569689
july13_res_39	dummy_lc.txt	4	118.1047569137529	11111011011	2.7399460104173055	3.8925759982996606	2.9103646639316065	2.5464229750558585	NA	11111011011	11111011011	11111011011	11111011011	NA	1.9861980426263286	41.49472009869646	0.3921281625816489	394.8918144921612
july13_res_474	dummy_lc.txt	4	29.93480167019385	111111000011111111100011111111100011111111	1.339287805877326	1.1638028124308337	1.2221943824110668	2.041352737097932	NA	111111000011111111100011111111100011111111	111111000011111111100011111111100011111111	111111000011111111100011111111100011111111	111111000011111111100011111111100011111111	NA	1.9908589467199937	7.047668233939809	0.22041605150985058	359.944639899561
july13_res_20	dummy_lc.txt	5	208.06081466418996	111111	7.891627310730194	7.191621519539729	7.134957406120114	7.569779007336627	6.504886375165618	111111	111111	111111	111111	100111	1.9906133316291001	70.02157673398216	0.3372180058432282	423.91836306490825
july13_res_920	dummy_lc.txt	5	384.59688690414606	1111	2.1101113248225762	2.7200326996555377	1.010071202698263	1.7218957727422504	2.329053255944594	1111	1111	1111	1111	1111	1.9900981005095548	0.0	0.5852536985748097	353.8972596695178
july13_res_795	dummy_lc.txt	5	147.53515075466143	111101111	2.149628965825897	1.477645471732418	3.3818670661864125	3.956987672702311	3.5918174039497863	111101111	111101111	111101111	111101111	001101111	1.9858715928999362	0.0	0.6423826985985669	353.3963620802266
july13_res_555	dummy_lc.txt	5	80.05451305827096	1110111011110111	0.7215844627330275	0.6325258081346407	0.9534937386812768	0.7148371140707729	0.8646651218898895	1110111011110111	1110111011110111	1110111011110111	1110111011110111	1110111011110111	1.9901123605949227	16.276467689304543	0.2624489810644166	369.1684054327429
july13_res_645	dummy_lc.txt	5	38.113117486403425	111110001111111001111111100111111	2.2160794667800126	1.2559233175829614	1.157660597070044	2.6259935601058593	0.7361548170082234	111110001111111001111111100111111	111110001111111001111111100111111	111110001111111001111111100111111	111110001111111001111111100111111	111110001111111001111111100111111	1.9874170263039521	4.543539657832988	0.4072620972275498	357.4405085113948
july13_res_265	dummy_lc.txt	5	25.704940022702313	1111111100011111111111000011101111110000111101111	1.6794371759533755	1.9010110306532786	2.3704867270533208	2.025311600256317	1.9038380783341817	1111111100011111111111000011101111110000111101111	1111111100011111111111000011101111110000111101111	1111111100011111111111000011101111110000111101111	1111111100011111111111000011101111110000111101111	1111111100011111111111000011101111110000111101111	1.9959132070560737	0.9518197946897424	0.2920835680104537	353.8487362050113
july13_nores_16	dummy_lc.txt	1	529.220478150576	111	2.587748082601281	NA	NA	NA	NA	111	NA	NA	NA	NA	1.9881113460195312	5.2446524167922	0.8399826410020821	360.14154430494034
july13_nores_991	dummy_lc.txt	1	321.9191400893909	1111	2.1486356338420465	NA	NA	NA	NA	1111	NA	NA	NA	NA	1.9905249409062062	63.013984530123885	0.572815737677453	416.41090419540154
july13_nores_616	dummy_lc.txt	1	334.24822959950444	1111	14.968995505089806	NA	NA	NA	NA	1111	NA	NA	NA	NA	1.989368115185844	16.37617910437172	0.9484412170324326	373.7730654373161
july13_nores_486	dummy_lc.txt	1	21.7325279606489	111111111000011110011111110000101111101111100001111111111	29.3398305897917	NA	NA	NA	NA	111111111000011110011111110000101111101111100001111111111	NA	NA	NA	NA	1.9852047043253283	5.807074826266534	0.1911930555998028	358.70394440323406
july13_nores_771	dummy_lc.txt	1	57.51080325982105	1111011111001111001111	8.697940907728075	NA	NA	NA	NA	1111011111001111001111	NA	NA	NA	NA	1.9921255725088989	0.47990582154053896	0.29933303006561546	353.3770357488482
july13_nores_126	dummy_lc.txt	1	69.9238737794519	111011110011110111	3.0708394226911713	NA	NA	NA	NA	111011110011110111	NA	NA	NA	NA	1.9887057919986044	3.6317598956175043	0.48281663396187047	356.52859839738056
july13_nores_986	dummy_lc.txt	1	552.2494174247753	111	4.091054883043718	NA	NA	NA	NA	111	NA	NA	NA	NA	1.9898054958128883	0.0	0.2758006048396375	352.891513928142
july13_nores_376	dummy_lc.txt	1	21.47272220965314	1111111110000111101111111100001111111111111000001111111100	13.2527464537041	NA	NA	NA	NA	1111111110000111101111111100001111111111111000001111111100	NA	NA	NA	NA	1.986428297219754	5.678486501208303	0.21696784634072377	358.5753512288283
july13_nores_411	dummy_lc.txt	1	343.4165205028124	1111	6.368395223769681	NA	NA	NA	NA	1111	NA	NA	NA	NA	1.9894616018772389	0.0	0.1840615239130405	352.8969996665555
july13_nores_716	dummy_lc.txt	1	161.70444475234353	11111101	6.462974457626531	NA	NA	NA	NA	11111101	NA	NA	NA	NA	1.9872608402128011	6.129488812085733	0.273602132463394	359.02608846530734
july13_nores_646	dummy_lc.txt	1	90.05940619621815	11011101110111	2.0207845397934587	NA	NA	NA	NA	11011101110111	NA	NA	NA	NA	1.9892156235241523	31.538575971080046	0.37694048435938765	384.4355230868642
july13_nores_526	dummy_lc.txt	1	102.33517953600492	110111111011	4.987224242898271	NA	NA	NA	NA	110111111011	NA	NA	NA	NA	1.9877894173076145	34.509015519368965	0.3597568870583498	387.4062646386839
july13_nores_246	dummy_lc.txt	1	162.51680149801055	11111101	6.731590833906091	NA	NA	NA	NA	11111101	NA	NA	NA	NA	1.9865733446370097	0.0	0.3491183646607499	353.3945881112669
july13_nores_581	dummy_lc.txt	1	22.598804045399504	1101111100000111111111111000011111111111100001111101111	693.102102441393	NA	NA	NA	NA	1101111100000111111111111000011111111111100001111101111	NA	NA	NA	NA	1.9877559597784822	4.072233474632956	0.23081031059892948	357.46956820788677
july13_nores_741	dummy_lc.txt	1	35.76311594660909	11111100111111110011111111000111111	5.64106095948263	NA	NA	NA	NA	11111100111111110011111111000111111	NA	NA	NA	NA	1.9861114131019697	4.9444433403806745	0.28031724689263565	357.84141014500625
july13_nores_146	dummy_lc.txt	1	216.78839373586567	101111	11.577879499835987	NA	NA	NA	NA	101111	NA	NA	NA	NA	1.9889776138979618	2.088771822250609	0.4066509771807077	355.48575815530603
july13_nores_746	dummy_lc.txt	1	23.546761735317524	11101111000011111111111000011110111111100001111111111	11.82708838163305	NA	NA	NA	NA	11101111000011111111111000011110111111100001111111111	NA	NA	NA	NA	1.9929658472886276	13.409826895937787	0.19701269339107702	366.30692976699163
july13_nores_201	dummy_lc.txt	1	27.739363394350303	111111100011101111110001111111111000011111111	50.54828432004409	NA	NA	NA	NA	111111100011101111110001111111111000011111111	NA	NA	NA	NA	1.9920662705285854	14.514239359193605	0.1655499889039679	367.41097987008504
july13_nores_451	dummy_lc.txt	1	14.58397997793594	1110110101111000000111111101011011111100000001111111111111111111000000111111111111111	5.385612530830112	NA	NA	NA	NA	1110110101111000000111111101011011111100000001111111111111111111000000111111111111111	NA	NA	NA	NA	1.9915697256722917	1.0649680109705768	0.20125658314923225	353.96195824603313
july13_nores_787	dummy_lc.txt	2	12.744809556716968	1111111111111110000000101111101101111111111100000001111111011111111111111000000011101111111111111	3.258380861628904	2.2824127430236674	NA	NA	NA	1111111111111110000000101111101101111111111100000001111111011111111111111000000011101111111111111	1111111111111110000000101111101101111111111100000001111111011111111111111000000011101111111111111	NA	NA	NA	1.9862192810604145	2.4398474317889987	0.16471777190778678	355.3368316277433
july13_nores_752	dummy_lc.txt	2	461.3237113306568	111	7.1494231143976155	4.4413669518356	NA	NA	NA	111	111	NA	NA	NA	1.9871912782612646	268.97085358792117	3.009822889044876	630.3675932541
july13_nores_832	dummy_lc.txt	2	17.20656790635488	111110111110000001111111010111110000001111111111111111000000111111111111	3.541935488970623	2.6394842576977697	NA	NA	NA	111110111110000001111111010111110000001111111111111111000000111111111111	111110111110000001111111010111110000001111111111111111000000111111111111	NA	NA	NA	1.9961978143635573	4.731579907970465	0.19265516530066312	357.62859064680106
july13_nores_727	dummy_lc.txt	2	494.3548962809024	111	2.4621310667560805	1.5019177957823349	NA	NA	NA	111	111	NA	NA	NA	1.9892058690568168	34.24731668429032	0.49936762640132104	388.64430857308673
july13_nores_472	dummy_lc.txt	2	205.47052112663957	111111	4.185090778677232	3.2959136953660457	NA	NA	NA	111111	111111	NA	NA	NA	1.9894811301759463	73.05455200210547	0.5721330721336331	426.45178833932766
july13_nores_157	dummy_lc.txt	2	235.59320216512924	111101	3.444153459559127	2.6174512353569885	NA	NA	NA	111101	111101	NA	NA	NA	1.9871318199315828	43.2956856251078	0.558272876622971	396.6925814804648
july13_nores_497	dummy_lc.txt	2	133.86748748203323	1111111011	10.305791505305315	10.421341643587162	NA	NA	NA	1111111011	1111111011	NA	NA	NA	1.989020947505668	11.260656299206884	0.22759375775288415	364.1579274899643
july13_nores_87	dummy_lc.txt	2	90.92097117788312	11101110111011	6.136224639097773	9.599092948091519	NA	NA	NA	11101110111011	11101110111011	NA	NA	NA	1.988746943961867	1.634767563258005	0.2693885310486371	354.5317473598698
july13_nores_917	dummy_lc.txt	2	161.46153048045838	11111101	6.923680954306945	3.6801963209856416	NA	NA	NA	11111101	10111101	NA	NA	NA	1.9886047842072478	6.119657270707502	0.5678725248186418	360.0166733011552
july13_nores_42	dummy_lc.txt	2	95.0201221227773	11010101110111	4.46625669788609	3.4377336721816856	NA	NA	NA	11010101110111	11010101110111	NA	NA	NA	1.9897036644483939	1.7175770065989864	0.16216697005985528	354.6146403027264
july13_nores_312	dummy_lc.txt	2	12.231722434095365	111111101101111100000000111111001111101111111100000001111111111111011111111100000000111011110111111111	2.6637441160641266	2.849223049089227	NA	NA	NA	111111101101111100000000111111001111101111111100000001111111111111011111111100000000111011110111111111	111111101101111100000000111111001111101111111100000001111111111111011111111100000000111011110111111111	NA	NA	NA	1.9858898560885057	0.5415729535508426	0.24751502875836384	353.43630995424894
july13_nores_307	dummy_lc.txt	2	284.7260683255922	11011	4.00906902481529	8.463267945437888	NA	NA	NA	11011	10001	NA	NA	NA	1.9886771669553476	0.0	0.5386127664726973	353.89712760455893
july13_nores_618	dummy_lc.txt	3	370.967907664255	1111	1.8385617318689618	1.306541556057461	1.5482446548642015	NA	NA	1111	1111	1111	NA	NA	1.988123619549078	32.81597555708907	0.4075870554327884	386.2051550933643
july13_nores_978	dummy_lc.txt	3	513.8027428979688	111	13.598280121505232	6.846167313883409	4.300405280315106	NA	NA	111	111	111	NA	NA	1.988904141369679	0.0	0.7437825668637921	355.39656966425935
july13_nores_338	dummy_lc.txt	3	110.54525675507429	110110111011	1.377364462850364	1.3394388182266042	2.252618370317281	NA	NA	110110111011	110110111011	000110111010	NA	NA	1.9893112334107728	0.0	0.43303890215141067	353.3969415704046
july13_nores_23	dummy_lc.txt	3	37.94161349298082	111110011111111001101111000111111	1.6898851132799053	2.133598153256401	0.9157059695593027	NA	NA	111110011111111001101111000111111	111110011111111001101111000111111	111110011111111001101111000111111	NA	NA	1.9873854033974925	21.450150265766066	0.18746148077791083	374.3471236493937
july13_nores_903	dummy_lc.txt	3	72.93004387948805	11101111011110111	6.2555014532325925	5.938336756754662	2.7000934530353544	NA	NA	11101111011110111	11101111011110111	11101111011110111	NA	NA	1.990127161909372	0.0	0.25786770100585626	352.89693265133417
july13_nores_253	dummy_lc.txt	3	55.807373067728555	11110111010011111001111	1.741517772837881	2.903403310050499	3.124754742161569	NA	NA	11110111010011111001111	11110111010011111001111	11110111000011111001111	NA	NA	1.986083562370885	6.940512086347314	0.29993767826400525	359.8375083841836
july13_nores_68	dummy_lc.txt	3	149.61983438376998	111101111	7.138955804497811	4.57997431676246	5.717845293347225	NA	NA	111101111	111101111	110100100	NA	NA	1.987828161303611	0.0	0.23261036164508453	353.3969681509339
july13_nores_213	dummy_lc.txt	3	159.69127384886892	11111101	2.2817289205287663	3.9616655049650538	3.0591482374052505	NA	NA	11111101	11111101	11111101	NA	NA	1.9895688539167933	19.656433043008025	0.32842611958666046	372.5534121028158
july13_nores_263	dummy_lc.txt	3	78.15189939795768	1110111011110111	7.538228058966016	12.67813936780941	8.468846108230505	NA	NA	1110111011110111	1110111011110111	1110111011110111	NA	NA	1.9885343296125602	23.405590392108397	0.2917124697008523	376.80292076598573
july13_nores_898	dummy_lc.txt	3	22.497112412807546	1101111100001111011111111000011111111111100001111101111	68.07360553831784	63.294933951441934	222.30621973642442	NA	NA	1101111100001111011111111000011111111111100001111101111	1101110100001110011011110000011110111011100001011100111	1101110000001110001111110000011110001111100001111100001	NA	NA	1.9859277044326051	8.457763504136855	0.22334757497419194	361.8545865750108
july13_nores_268	dummy_lc.txt	3	153.5698556003313	111101011	12.567712280811893	12.78684899050899	10.091629579688567	NA	NA	111101011	111101011	111101011	NA	NA	1.9899465848497824	5.800822436478938	0.49224569193604745	359.6973257339565
july13_nores_233	dummy_lc.txt	3	38.01774200586118	111110011111111001101111000111111	0.6908160102489014	1.1851810158533904	0.6813051307180946	NA	NA	111110011111111001101111000111111	111110011111111001101111000111111	111110011111111001101111000111111	NA	NA	1.9884649071391645	20.09353312639821	0.19324621657386346	372.99053475883085
july13_nores_828	dummy_lc.txt	3	151.73397476139726	111101111	1.7214659370368135	1.6841158629705448	1.5966022718721085	NA	NA	111101111	111101111	111101111	NA	NA	1.9853880231242675	4.294974781664171	0.6038214494208348	357.6917847481438
july13_nores_678	dummy_lc.txt	3	232.07792266954493	111101	2.282419012039761	1.7601423297746361	1.7011196150399863	NA	NA	111101	111101	111101	NA	NA	1.9919711769459612	51.593877970170475	0.5175222485469689	404.9908071594164
july13_nores_518	dummy_lc.txt	3	256.800147010213	11111	0.9886670900044622	1.1343557383684122	2.163875944430187	NA	NA	11111	11111	11111	NA	NA	1.9901241268029641	27.42338734126883	0.47008260095601206	380.81005128006234
july13_nores_333	dummy_lc.txt	3	37.03987504790993	111110011111111000111111100101111	0.4108471418390576	0.5168540242816727	0.510836658746542	NA	NA	111110011111111000111111100101111	111110011111111000111111100101111	111110011111111000111111100101111	NA	NA	1.9870061275118298	25.40112979857698	0.39062221373818784	378.29809548025975
july13_nores_789	dummy_lc.txt	4	110.54525675507429	110111111011	0.7146500230383747	0.8172646699450603	1.0846524659960253	1.1920210455916687	NA	110111111011	110111111011	110111111011	110111111011	NA	1.9889528567999022	0.0	0.3955157407025044	352.8903889700079
july13_nores_4	dummy_lc.txt	4	137.53941738036298	111101101	3.341496836849328	2.411564599190285	1.3696174502381213	1.201063223322512	NA	111101101	111101101	111101101	111101101	NA	1.9890603994566625	2.576553029402304	0.3691668760344062	355.97359845435125
july13_nores_609	dummy_lc.txt	4	281.7454962364861	11011	1.5104370672533456	1.340820545123983	1.8227134867998733	1.972295353054094	NA	11011	11011	11011	11011	NA	1.9875686623510482	10.979592440138589	0.412078676392541	364.3771787831946
july13_nores_909	dummy_lc.txt	4	59.83320596600937	111101111101111101111	2.2851270566842232	1.9521492633416468	1.8492521793715337	2.0847712579112785	NA	111101111101111101111	111101111101111101111	111101111101111101111	111101111101111101111	NA	1.9911869670647115	4.026930313904235	0.30876667662332796	356.9238766453487
july13_nores_329	dummy_lc.txt	4	58.2942162202893	1111011111001111001111	2.760974228330936	1.94671527651932	1.5677020047944352	2.8293408500037853	NA	1111011111001111001111	1111011111001111001111	1111011111001111001111	1111011111001111001111	NA	1.9872616428913292	3.9025635139789365	0.27176745479401004	356.79955924877885
july13_nores_819	dummy_lc.txt	4	155.6617863054375	11111101	3.2475002184016395	3.8430573569596267	4.303160723029763	5.903322726700758	NA	11111101	11111101	11111101	00111001	NA	1.9912857706191638	26.483967813221014	0.34578799066547594	379.8809341459429
july13_nores_9	dummy_lc.txt	4	61.8451877629578	11101111101111101111	2.6543051683303927	0.825486469344694	2.331000158949574	1.718299255158254	NA	11101111101111101111	11101111101111101111	11101111101111101111	11101111101111101111	NA	1.9875574033812549	40.32405705093981	0.3538289400473651	393.22103160554644
july13_nores_784	dummy_lc.txt	4	94.92493807008442	11010101110111	1.2275717062053868	1.268866332869094	1.4424856474569772	0.7476478358933902	NA	11010101110111	11010101110111	11010101110111	11010101110111	NA	1.9896879774845753	0.0	0.5060549785439393	353.39698731346436
july13_nores_504	dummy_lc.txt	4	252.46188340262853	11111	2.7630428170420127	2.505929919498963	4.226186038213746	3.6694385892983763	NA	11111	11111	11111	11111	NA	1.989220036870224	24.491091236622438	0.3838978031278561	377.8881743966888
july13_nores_749	dummy_lc.txt	4	231.49716347539726	111101	3.033413643860828	6.600614879885172	2.032104006814097	6.054196573972689	NA	111101	111101	111101	111101	NA	1.9885912021362786	55.93376573082532	0.5201011375091139	409.3302199121543
july13_nores_360	dummy_lc.txt	5	242.17675408044582	11111	3.2394938133054056	4.413586701624385	5.70510405756568	5.679757135626439	4.118048518170163	11111	11111	11111	11111	11111	1.9895670211537644	56.28528756943963	0.39652544851025595	410.18223342594695
july13_nores_550	dummy_lc.txt	5	541.0188537832286	111	3.316819559904983	1.6111176603815802	3.224904407555621	1.590787909456724	2.729715529454174	111	111	111	111	111	1.989579236326903	0.0	1.052644113786307	355.89698633325384
july13_nores_925	dummy_lc.txt	5	174.94035643378254	11111111	2.846434977544011	7.607078285596883	5.106678872942438	5.246583816134364	4.648295279060954	11111111	11111111	11111111	11111111	11111111	1.988399226637886	0.0	0.18229606089158049	352.89695596139376
july13_nores_875	dummy_lc.txt	5	103.67722368178963	110111111011	1.4222072321195227	2.057123215247207	2.021206286453723	1.4155695674508486	1.3922879965025083	110111111011	110111111011	110111111011	110111111011	110111111011	1.9905590357665859	34.06446002595227	0.3410333494909925	387.46142163637313
july13_nores_95	dummy_lc.txt	5	122.68948335126356	1111111111	3.7489631325582504	2.4975736032619373	2.7896834709951888	2.6127403226985804	5.050149056584405	1111111111	1111111111	1111111111	1111111111	1111111111	1.9855216706015544	38.70152355932837	0.5002828178809103	392.0982795466652
july13_res_811	dummy_lc.txt	1	253.73017948638815	11111	3.864476715552532	NA	NA	NA	NA	11111	NA	NA	NA	NA	1.9889801176775856	24.619253740735324	0.4224687505472228	378.01582419384374
july13_res_811	dummy_lc.txt	1	253.73017948638815	11111	3.864476715552532	NA	NA	NA	NA	11111	NA	NA	NA	NA	1.9889801176775856	24.619253740735324	0.4224687505472228	378.01582419384374
july13_res_816	dummy_lc.txt	1	11.512092746414679	111001101111111000000000010111110011111111111111000000000011111111111111011111110000000001111111110111111110	4.492060848380221	NA	NA	NA	NA	111001101111111000000000010111110011111111111111000000000011111111111111011111110000000001111111110111111110	NA	NA	NA	NA	1.990561444084676	0.06109589070358475	0.14224549350830462	352.9580683422045
july13_res_681	dummy_lc.txt	1	21.929443109121113	111111111000011110111111110000111111111111000001111111110	10.832132351048825	NA	NA	NA	NA	111111111000011110111111110000111111111111000001111111110	NA	NA	NA	NA	1.992499211705208	3.6149928615182017	0.35021128146504504	357.01196252762924
july13_res_6	dummy_lc.txt	1	10.6571020107148	111110110111111111000000001111111110000111111111111100000000011111111101111101111111111000000000111111111101110111111	5.2887499491455365	NA	NA	NA	NA	111110110111111111000000001111111110000111111111111100000000011111111101111101111111111000000000111111111101110111111	NA	NA	NA	NA	1.9898662903424826	0.23232018414506228	0.1535867514905347	353.1292909597067
july13_res_761	dummy_lc.txt	1	22.941107662959194	110111111000011101111111100001111111111110000111111111	2.8964951644846644	NA	NA	NA	NA	110111111000011101111111100001111111111110000111111111	NA	NA	NA	NA	1.9861713121266027	0.261436498193836	0.19017533070979797	353.15844050055813
july13_res_751	dummy_lc.txt	1	283.58691230395084	11011	3.6399007140445296	NA	NA	NA	NA	11011	NA	NA	NA	NA	1.987009743502735	2.763582785525339	0.4993543566722816	356.1528023224676
july13_res_261	dummy_lc.txt	1	41.10898347354763	110110011011110011111110011111	19.17652777015898	NA	NA	NA	NA	110110011011110011111110011111	NA	NA	NA	NA	1.9899676796852215	6.913116002971343	0.22245661508869738	359.81008046314787
july13_res_386	dummy_lc.txt	1	206.91708658205604	111111	1.597099727657924	NA	NA	NA	NA	111111	NA	NA	NA	NA	1.9897318848753478	71.60627088024265	0.3194766331689547	424.50311554163136
july13_res_426	dummy_lc.txt	1	160.57396264653985	11111101	51.99413547048046	NA	NA	NA	NA	01110001	NA	NA	NA	NA	1.9877643425426332	13.688498724720791	0.31500590817907037	367.0859783993319
july13_res_831	dummy_lc.txt	1	67.51360802853749	1110111110111101111	5.545161897710088	NA	NA	NA	NA	1110111110111101111	NA	NA	NA	NA	1.984796968112389	8.714177954008772	0.27087775410739534	361.6112144860884
july13_res_531	dummy_lc.txt	1	11.043097739841729	11110010111011101000000000111111110110111011111111100000000110111010110111111101111100000000011101011101111111111	9.659800569388127	NA	NA	NA	NA	11110010111011101000000000111111110110111011111111100000000110111010110111111101111100000000011101011101111111111	NA	NA	NA	NA	1.9878404828638563	0.8323714221902938	0.15589199661805608	353.72937379751505
july13_res_1	dummy_lc.txt	1	10.176936884592429	11111111111101111110000000001111111100111111111111111110000000001111111111101111111111111110000000000111111111101111111110	422.3779511402738	NA	NA	NA	NA	11111111111101111110000000001111111100111111111111111110000000001111111111101111111111111110000000000111111111101111111110	NA	NA	NA	NA	1.9905870535548515	0.0	1.0211407715155147	353.897855119372
july13_res_601	dummy_lc.txt	1	92.29814924817867	11011101110111	1.4138058160565512	NA	NA	NA	NA	11011101110111	NA	NA	NA	NA	1.9911585038165458	14.131999912803133	0.3566073832985631	367.0290350217165
july13_res_326	dummy_lc.txt	1	17.93732250243387	110111111100000011111111111111100000111110111101111000000111111111111	5.328822515776033	NA	NA	NA	NA	110111111100000011111111111111100000111110111101111000000111111111111	NA	NA	NA	NA	1.9900130411802077	7.456210726112834	0.16402627466883793	360.35327964913625
july13_res_337	dummy_lc.txt	2	40.03154029000965	1111100111111100111111100101111	35.86550990162667	55.48929802877624	NA	NA	NA	1111100111111100111111100101111	1111100111111100111111100101111	NA	NA	NA	1.9773739804624932	17.29162277601499	7.830899564469794	376.1873475603144
july13_res_682	dummy_lc.txt	2	62.18703521092717	11101111101111101111	11.449164873595608	16.30475415982152	NA	NA	NA	11101111101111101111	11101111101111101111	NA	NA	NA	1.9872470154378485	37.95448072816829	0.27735361560522503	390.851107937864
july13_res_997	dummy_lc.txt	2	34.288963400910994	110110001111111100011111111000111111	3.40623442567963	2.8950588188150146	NA	NA	NA	110110001111111100011111111000111111	110110001111111100011111111000111111	NA	NA	NA	1.9881548553201298	16.683316415918245	0.130957865774391	369.58033685836
july13_res_762	dummy_lc.txt	2	411.92788908378	1111	11.795677212752668	12.974407935565006	NA	NA	NA	1111	1001	NA	NA	NA	1.9895776824396352	0.0	0.5122081312927742	354.39457964647147
july13_res_482	dummy_lc.txt	2	97.18717854816725	1101110111011	6.347224144979213	4.579748873990095	NA	NA	NA	1101110111011	1101110111011	NA	NA	NA	1.9890843153841904	0.0	0.36492493265468423	353.3964735794116
july13_res_517	dummy_lc.txt	2	510.4664654280631	111	3.757045907856417	6.173224173928854	NA	NA	NA	111	111	NA	NA	NA	1.9890686139955092	0.0	0.5695764493931027	354.39304185587935
july13_res_422	dummy_lc.txt	2	81.9623632352173	1110111011010111	1.0919833844180573	2.2959885595079546	NA	NA	NA	1110111011010111	1110111011010111	NA	NA	NA	1.9883421866389728	7.268924151736628	0.2892246672132752	360.1659412847613
july13_res_192	dummy_lc.txt	2	37.03987504790993	111110011111111000111111100101111	1.5109426882846477	1.7812410154369596	NA	NA	NA	111110011111111000111111100101111	111110011111111000111111100101111	NA	NA	NA	1.9879286561722251	25.401080994289405	0.5176876414383519	378.2980986289235
july13_res_947	dummy_lc.txt	2	104.72152951994259	110111111011	1.4886914103142401	0.960766589605643	NA	NA	NA	110111111011	110111111011	NA	NA	NA	1.9890308143028805	21.049245202236264	0.5936562269995358	374.44617431211566
july13_res_702	dummy_lc.txt	2	38.923776569586344	11111001111111000111111100111111	133.2740276650221	15.257662082790207	NA	NA	NA	11111001111111000111111100111111	11101001101111000110110100111011	NA	NA	NA	1.983865782134661	14.315815852505994	0.419667749105155	367.7128042098863
july13_res_302	dummy_lc.txt	2	16.032760218596895	111011111111000000111110111101111110000001111111111111111100000011111111101111	0.6387756630468693	1.6548243743460835	NA	NA	NA	111011111111000000111110111101111110000001111111111111111100000011111111101111	111011111111000000111110111101111110000001111111111111111100000011111111101111	NA	NA	NA	1.9888818264595702	1.706249573403911	0.24236545631245643	354.60320180032267
july13_res_777	dummy_lc.txt	2	469.0159331616353	111	3.8149548253364354	3.0637890016112426	NA	NA	NA	111	111	NA	NA	NA	1.9894160064351643	278.1915291894759	0.4364294471270606	632.0884421884759
july13_res_717	dummy_lc.txt	2	24.49762766095967	111011110001111011011110001111111111110000111111111	0.7718268954153145	0.6207212813080899	NA	NA	NA	111011110001111011011110001111111111110000111111111	111011110001111011011110001111111111110000111111111	NA	NA	NA	1.9900439953158418	13.179703087876216	0.16391430125428594	366.076660352172
july13_res_452	dummy_lc.txt	2	11.564129802746688	111101001111111100000000111111110011111011111111000000000111111111111101011111110000000001110111110111111111	2.8927475866393317	4.186567247251882	NA	NA	NA	111101001111111100000000111111110011111011111111000000000111111111111101011111110000000001110111110111111111	111101001111111100000000111111110011111011111111000000000111111111111101011111110000000001110111110111111111	NA	NA	NA	1.9881561965633154	0.07899397828811995	0.2606290893919659	352.97604601093
july13_res_207	dummy_lc.txt	2	357.4634600271268	1111	2.6571633068109546	4.321109664480052	NA	NA	NA	1111	1111	NA	NA	NA	1.989051246010668	7.019457172191115	0.4822503487940896	360.9167901758577
july13_res_188	dummy_lc.txt	3	20.098323318424114	11110111110000111111111111110000011111011111110000011111011111	0.7934853738374532	1.9017536833751354	1.194465102635012	NA	NA	11110111110000111111111111110000011111011111110000011111011111	11110111110000111111111111110000011111011111110000011111011111	11110111110000111111111111110000011111011111110000011111011111	NA	NA	1.9980893606472212	1.224038947679681	0.32776462224286007	354.1210439477464
july13_res_148	dummy_lc.txt	3	395.3442834679394	1111	3.951123074240511	2.5139311582562622	5.81394726780338	NA	NA	1111	1111	1111	NA	NA	1.9907272431945253	0.0	0.631898015015722	354.3967329977493
july13_res_668	dummy_lc.txt	3	15.180515882714008	1110111101111000000111111011111111111000000011111111111111111000000011011101111110	1.2393061078363228	1.881027762583949	2.100519153184694	NA	NA	1110111101111000000111111011111111111000000011111111111111111000000011011101111110	1110111101111000000111111011111111111000000011111111111111111000000011011101111110	1110111101111000000111111011111111111000000011111111111111111000000011011101111110	NA	NA	1.990719372413969	1.1518782198714301	0.19581899725653645	354.045945113164
july13_res_238	dummy_lc.txt	3	34.100474038259115	1111110011101111000111111110001010110	1.235853502626261	0.8640488663875624	1.2745503686329107	NA	NA	1111110011101111000111111110001010110	1111110011101111000111111110001010110	1111110011101111000111111110001010110	NA	NA	1.989947260342574	4.625717757191507	0.15635852205040268	357.5207706921896
july13_res_533	dummy_lc.txt	3	74.81792343123419	11101111011110111	6.302289372809689	3.6481907039421073	3.4194967852450517	NA	NA	11101111011110111	11101111011110111	11100111011010110	NA	NA	1.989420397210756	18.98707071177319	0.22592027292054595	371.8840660924713
july13_res_403	dummy_lc.txt	3	185.50380452820593	1111111	2.6105405248078055	3.950425738213451	1.372321826046412	NA	NA	1111111	1111111	1111111	NA	NA	1.987187465024586	101.05040716049928	0.24428482835963514	453.9426127783643
july13_res_323	dummy_lc.txt	3	426.206527491799	111	4.445562002326669	7.077545072776839	12.117340265910546	NA	NA	111	111	111	NA	NA	1.9907053333515699	0.0	0.5291500199961097	354.8970063333548
july13_res_553	dummy_lc.txt	3	52.893837300653956	111101111110111011011011	0.9834512463890647	1.1393250294145678	1.6072600074166563	NA	NA	111101111110111011011011	111101111110111011011011	111101111110111011011011	NA	NA	1.9923125509749469	18.19734779818401	0.23156163485677037	371.0944397174042
july13_res_88	dummy_lc.txt	3	18.346406274531784	11111111110000011111011111111100000011101101011111100000111111111110	1.339120572027333	1.8132941034648935	1.3802898437385833	NA	NA	11111111110000011111011111111100000011101101011111100000111111111110	11111111110000011111011111111100000011101101011111100000111111111110	11111111110000011111011111111100000011101101011111100000111111111110	NA	NA	1.991776670991213	2.782136239552112	0.21480756027871367	355.67913679542755
july13_res_928	dummy_lc.txt	3	68.02299995324582	1110111110111101110	2.6866226007202916	1.9830749709177156	2.857378458301438	NA	NA	1110111110111101110	1110111110111101110	1110111110111101110	NA	NA	1.989758892543134	5.274816171272627	0.16261819553900897	358.17184124051954
july13_res_48	dummy_lc.txt	3	473.7401730649988	111	4.505366569071871	5.57478835989675	3.550096717128524	NA	NA	111	111	111	NA	NA	1.988265682563423	74.94791807120532	0.4932824022566145	429.34485107062125
july13_res_139	dummy_lc.txt	4	58.528381495741165	1101011111011111001111	3.0504017806703345	4.995575290984628	4.77672589530194	4.927537990376385	NA	1101011111011111001111	1101011111011111001111	1101011111011111001111	1101011111011111001111	NA	1.990840541286568	5.3920336353541245	0.18454343433327391	358.28911541290813
july13_res_811	dummy_lc.txt	1	253.73017948638815	11111	3.864476715552532	NA	NA	NA	NA	11111	NA	NA	NA	NA	1.9889801176775856	24.619253740735324	0.4224687505472228	378.01582419384374
july13_res_816	dummy_lc.txt	1	11.512092746414679	111001101111111000000000010111110011111111111111000000000011111111111111011111110000000001111111110111111110	4.492060848380221	NA	NA	NA	NA	111001101111111000000000010111110011111111111111000000000011111111111111011111110000000001111111110111111110	NA	NA	NA	NA	1.990561444084676	0.06109589070358475	0.14224549350830462	352.9580683422045
july13_res_681	dummy_lc.txt	1	21.929443109121113	111111111000011110111111110000111111111111000001111111110	10.832132351048825	NA	NA	NA	NA	111111111000011110111111110000111111111111000001111111110	NA	NA	NA	NA	1.992499211705208	3.6149928615182017	0.35021128146504504	357.01196252762924
july13_res_6	dummy_lc.txt	1	10.6571020107148	111110110111111111000000001111111110000111111111111100000000011111111101111101111111111000000000111111111101110111111	5.2887499491455365	NA	NA	NA	NA	111110110111111111000000001111111110000111111111111100000000011111111101111101111111111000000000111111111101110111111	NA	NA	NA	NA	1.9898662903424826	0.23232018414506228	0.1535867514905347	353.1292909597067
july13_res_761	dummy_lc.txt	1	22.941107662959194	110111111000011101111111100001111111111110000111111111	2.8964951644846644	NA	NA	NA	NA	110111111000011101111111100001111111111110000111111111	NA	NA	NA	NA	1.9861713121266027	0.261436498193836	0.19017533070979797	353.15844050055813
july13_res_751	dummy_lc.txt	1	283.58691230395084	11011	3.6399007140445296	NA	NA	NA	NA	11011	NA	NA	NA	NA	1.987009743502735	2.763582785525339	0.4993543566722816	356.1528023224676
july13_res_261	dummy_lc.txt	1	41.10898347354763	110110011011110011111110011111	19.17652777015898	NA	NA	NA	NA	110110011011110011111110011111	NA	NA	NA	NA	1.9899676796852215	6.913116002971343	0.22245661508869738	359.81008046314787
july13_res_386	dummy_lc.txt	1	206.91708658205604	111111	1.597099727657924	NA	NA	NA	NA	111111	NA	NA	NA	NA	1.9897318848753478	71.60627088024265	0.3194766331689547	424.50311554163136
july13_res_426	dummy_lc.txt	1	160.57396264653985	11111101	51.99413547048046	NA	NA	NA	NA	01110001	NA	NA	NA	NA	1.9877643425426332	13.688498724720791	0.31500590817907037	367.0859783993319
july13_res_831	dummy_lc.txt	1	67.51360802853749	1110111110111101111	5.545161897710088	NA	NA	NA	NA	1110111110111101111	NA	NA	NA	NA	1.984796968112389	8.714177954008772	0.27087775410739534	361.6112144860884
july13_res_531	dummy_lc.txt	1	11.043097739841729	11110010111011101000000000111111110110111011111111100000000110111010110111111101111100000000011101011101111111111	9.659800569388127	NA	NA	NA	NA	11110010111011101000000000111111110110111011111111100000000110111010110111111101111100000000011101011101111111111	NA	NA	NA	NA	1.9878404828638563	0.8323714221902938	0.15589199661805608	353.72937379751505
july13_res_1	dummy_lc.txt	1	10.176936884592429	11111111111101111110000000001111111100111111111111111110000000001111111111101111111111111110000000000111111111101111111110	422.3779511402738	NA	NA	NA	NA	11111111111101111110000000001111111100111111111111111110000000001111111111101111111111111110000000000111111111101111111110	NA	NA	NA	NA	1.9905870535548515	0.0	1.0211407715155147	353.897855119372
july13_res_601	dummy_lc.txt	1	92.29814924817867	11011101110111	1.4138058160565512	NA	NA	NA	NA	11011101110111	NA	NA	NA	NA	1.9911585038165458	14.131999912803133	0.3566073832985631	367.0290350217165
july13_res_326	dummy_lc.txt	1	17.93732250243387	110111111100000011111111111111100000111110111101111000000111111111111	5.328822515776033	NA	NA	NA	NA	110111111100000011111111111111100000111110111101111000000111111111111	NA	NA	NA	NA	1.9900130411802077	7.456210726112834	0.16402627466883793	360.35327964913625
july13_res_337	dummy_lc.txt	2	40.03154029000965	1111100111111100111111100101111	35.86550990162667	55.48929802877624	NA	NA	NA	1111100111111100111111100101111	1111100111111100111111100101111	NA	NA	NA	1.9773739804624932	17.29162277601499	7.830899564469794	376.1873475603144
july13_res_682	dummy_lc.txt	2	62.18703521092717	11101111101111101111	11.449164873595608	16.30475415982152	NA	NA	NA	11101111101111101111	11101111101111101111	NA	NA	NA	1.9872470154378485	37.95448072816829	0.27735361560522503	390.851107937864
july13_res_997	dummy_lc.txt	2	34.288963400910994	110110001111111100011111111000111111	3.40623442567963	2.8950588188150146	NA	NA	NA	110110001111111100011111111000111111	110110001111111100011111111000111111	NA	NA	NA	1.9881548553201298	16.683316415918245	0.130957865774391	369.58033685836
july13_res_762	dummy_lc.txt	2	411.92788908378	1111	11.795677212752668	12.974407935565006	NA	NA	NA	1111	1001	NA	NA	NA	1.9895776824396352	0.0	0.5122081312927742	354.39457964647147
july13_res_482	dummy_lc.txt	2	97.18717854816725	1101110111011	6.347224144979213	4.579748873990095	NA	NA	NA	1101110111011	1101110111011	NA	NA	NA	1.9890843153841904	0.0	0.36492493265468423	353.3964735794116
july13_res_517	dummy_lc.txt	2	510.4664654280631	111	3.757045907856417	6.173224173928854	NA	NA	NA	111	111	NA	NA	NA	1.9890686139955092	0.0	0.5695764493931027	354.39304185587935
july13_res_422	dummy_lc.txt	2	81.9623632352173	1110111011010111	1.0919833844180573	2.2959885595079546	NA	NA	NA	1110111011010111	1110111011010111	NA	NA	NA	1.9883421866389728	7.268924151736628	0.2892246672132752	360.1659412847613
july13_res_192	dummy_lc.txt	2	37.03987504790993	111110011111111000111111100101111	1.5109426882846477	1.7812410154369596	NA	NA	NA	111110011111111000111111100101111	111110011111111000111111100101111	NA	NA	NA	1.9879286561722251	25.401080994289405	0.5176876414383519	378.2980986289235
july13_res_947	dummy_lc.txt	2	104.72152951994259	110111111011	1.4886914103142401	0.960766589605643	NA	NA	NA	110111111011	110111111011	NA	NA	NA	1.9890308143028805	21.049245202236264	0.5936562269995358	374.44617431211566
july13_res_702	dummy_lc.txt	2	38.923776569586344	11111001111111000111111100111111	133.2740276650221	15.257662082790207	NA	NA	NA	11111001111111000111111100111111	11101001101111000110110100111011	NA	NA	NA	1.983865782134661	14.315815852505994	0.419667749105155	367.7128042098863
july13_res_302	dummy_lc.txt	2	16.032760218596895	111011111111000000111110111101111110000001111111111111111100000011111111101111	0.6387756630468693	1.6548243743460835	NA	NA	NA	111011111111000000111110111101111110000001111111111111111100000011111111101111	111011111111000000111110111101111110000001111111111111111100000011111111101111	NA	NA	NA	1.9888818264595702	1.706249573403911	0.24236545631245643	354.60320180032267
july13_res_777	dummy_lc.txt	2	469.0159331616353	111	3.8149548253364354	3.0637890016112426	NA	NA	NA	111	111	NA	NA	NA	1.9894160064351643	278.1915291894759	0.4364294471270606	632.0884421884759
july13_res_717	dummy_lc.txt	2	24.49762766095967	111011110001111011011110001111111111110000111111111	0.7718268954153145	0.6207212813080899	NA	NA	NA	111011110001111011011110001111111111110000111111111	111011110001111011011110001111111111110000111111111	NA	NA	NA	1.9900439953158418	13.179703087876216	0.16391430125428594	366.076660352172
july13_res_452	dummy_lc.txt	2	11.564129802746688	111101001111111100000000111111110011111011111111000000000111111111111101011111110000000001110111110111111111	2.8927475866393317	4.186567247251882	NA	NA	NA	111101001111111100000000111111110011111011111111000000000111111111111101011111110000000001110111110111111111	111101001111111100000000111111110011111011111111000000000111111111111101011111110000000001110111110111111111	NA	NA	NA	1.9881561965633154	0.07899397828811995	0.2606290893919659	352.97604601093
july13_res_207	dummy_lc.txt	2	357.4634600271268	1111	2.6571633068109546	4.321109664480052	NA	NA	NA	1111	1111	NA	NA	NA	1.989051246010668	7.019457172191115	0.4822503487940896	360.9167901758577
july13_res_188	dummy_lc.txt	3	20.098323318424114	11110111110000111111111111110000011111011111110000011111011111	0.7934853738374532	1.9017536833751354	1.194465102635012	NA	NA	11110111110000111111111111110000011111011111110000011111011111	11110111110000111111111111110000011111011111110000011111011111	11110111110000111111111111110000011111011111110000011111011111	NA	NA	1.9980893606472212	1.224038947679681	0.32776462224286007	354.1210439477464
july13_res_148	dummy_lc.txt	3	395.3442834679394	1111	3.951123074240511	2.5139311582562622	5.81394726780338	NA	NA	1111	1111	1111	NA	NA	1.9907272431945253	0.0	0.631898015015722	354.3967329977493
july13_res_668	dummy_lc.txt	3	15.180515882714008	1110111101111000000111111011111111111000000011111111111111111000000011011101111110	1.2393061078363228	1.881027762583949	2.100519153184694	NA	NA	1110111101111000000111111011111111111000000011111111111111111000000011011101111110	1110111101111000000111111011111111111000000011111111111111111000000011011101111110	1110111101111000000111111011111111111000000011111111111111111000000011011101111110	NA	NA	1.990719372413969	1.1518782198714301	0.19581899725653645	354.045945113164
july13_res_238	dummy_lc.txt	3	34.100474038259115	1111110011101111000111111110001010110	1.235853502626261	0.8640488663875624	1.2745503686329107	NA	NA	1111110011101111000111111110001010110	1111110011101111000111111110001010110	1111110011101111000111111110001010110	NA	NA	1.989947260342574	4.625717757191507	0.15635852205040268	357.5207706921896
july13_res_533	dummy_lc.txt	3	74.81792343123419	11101111011110111	6.302289372809689	3.6481907039421073	3.4194967852450517	NA	NA	11101111011110111	11101111011110111	11100111011010110	NA	NA	1.989420397210756	18.98707071177319	0.22592027292054595	371.8840660924713
july13_res_403	dummy_lc.txt	3	185.50380452820593	1111111	2.6105405248078055	3.950425738213451	1.372321826046412	NA	NA	1111111	1111111	1111111	NA	NA	1.987187465024586	101.05040716049928	0.24428482835963514	453.9426127783643
july13_res_323	dummy_lc.txt	3	426.206527491799	111	4.445562002326669	7.077545072776839	12.117340265910546	NA	NA	111	111	111	NA	NA	1.9907053333515699	0.0	0.5291500199961097	354.8970063333548
july13_res_553	dummy_lc.txt	3	52.893837300653956	111101111110111011011011	0.9834512463890647	1.1393250294145678	1.6072600074166563	NA	NA	111101111110111011011011	111101111110111011011011	111101111110111011011011	NA	NA	1.9923125509749469	18.19734779818401	0.23156163485677037	371.0944397174042
july13_res_88	dummy_lc.txt	3	18.346406274531784	11111111110000011111011111111100000011101101011111100000111111111110	1.339120572027333	1.8132941034648935	1.3802898437385833	NA	NA	11111111110000011111011111111100000011101101011111100000111111111110	11111111110000011111011111111100000011101101011111100000111111111110	11111111110000011111011111111100000011101101011111100000111111111110	NA	NA	1.991776670991213	2.782136239552112	0.21480756027871367	355.67913679542755
july13_res_928	dummy_lc.txt	3	68.02299995324582	1110111110111101110	2.6866226007202916	1.9830749709177156	2.857378458301438	NA	NA	1110111110111101110	1110111110111101110	1110111110111101110	NA	NA	1.989758892543134	5.274816171272627	0.16261819553900897	358.17184124051954
july13_res_48	dummy_lc.txt	3	473.7401730649988	111	4.505366569071871	5.57478835989675	3.550096717128524	NA	NA	111	111	111	NA	NA	1.988265682563423	74.94791807120532	0.4932824022566145	429.34485107062125
july13_res_139	dummy_lc.txt	4	58.528381495741165	1101011111011111001111	3.0504017806703345	4.995575290984628	4.77672589530194	4.927537990376385	NA	1101011111011111001111	1101011111011111001111	1101011111011111001111	1101011111011111001111	NA	1.990840541286568	5.3920336353541245	0.18454343433327391	358.28911541290813
july13_res_811	dummy_lc.txt	1	253.73017948638815	11111	3.864476715552532	NA	NA	NA	NA	11111	NA	NA	NA	NA	1.9889801176775856	24.619253740735324	0.4224687505472228	378.01582419384374
july13_res_816	dummy_lc.txt	1	11.512092746414679	111001101111111000000000010111110011111111111111000000000011111111111111011111110000000001111111110111111110	4.492060848380221	NA	NA	NA	NA	111001101111111000000000010111110011111111111111000000000011111111111111011111110000000001111111110111111110	NA	NA	NA	NA	1.990561444084676	0.06109589070358475	0.14224549350830462	352.9580683422045
july13_res_681	dummy_lc.txt	1	21.929443109121113	111111111000011110111111110000111111111111000001111111110	10.832132351048825	NA	NA	NA	NA	111111111000011110111111110000111111111111000001111111110	NA	NA	NA	NA	1.992499211705208	3.6149928615182017	0.35021128146504504	357.01196252762924
july13_res_6	dummy_lc.txt	1	10.6571020107148	111110110111111111000000001111111110000111111111111100000000011111111101111101111111111000000000111111111101110111111	5.2887499491455365	NA	NA	NA	NA	111110110111111111000000001111111110000111111111111100000000011111111101111101111111111000000000111111111101110111111	NA	NA	NA	NA	1.9898662903424826	0.23232018414506228	0.1535867514905347	353.1292909597067
july13_res_761	dummy_lc.txt	1	22.941107662959194	110111111000011101111111100001111111111110000111111111	2.8964951644846644	NA	NA	NA	NA	110111111000011101111111100001111111111110000111111111	NA	NA	NA	NA	1.9861713121266027	0.261436498193836	0.19017533070979797	353.15844050055813
july13_res_751	dummy_lc.txt	1	283.58691230395084	11011	3.6399007140445296	NA	NA	NA	NA	11011	NA	NA	NA	NA	1.987009743502735	2.763582785525339	0.4993543566722816	356.1528023224676
july13_res_261	dummy_lc.txt	1	41.10898347354763	110110011011110011111110011111	19.17652777015898	NA	NA	NA	NA	110110011011110011111110011111	NA	NA	NA	NA	1.9899676796852215	6.913116002971343	0.22245661508869738	359.81008046314787
july13_res_386	dummy_lc.txt	1	206.91708658205604	111111	1.597099727657924	NA	NA	NA	NA	111111	NA	NA	NA	NA	1.9897318848753478	71.60627088024265	0.3194766331689547	424.50311554163136
july13_res_426	dummy_lc.txt	1	160.57396264653985	11111101	51.99413547048046	NA	NA	NA	NA	01110001	NA	NA	NA	NA	1.9877643425426332	13.688498724720791	0.31500590817907037	367.0859783993319
july13_res_831	dummy_lc.txt	1	67.51360802853749	1110111110111101111	5.545161897710088	NA	NA	NA	NA	1110111110111101111	NA	NA	NA	NA	1.984796968112389	8.714177954008772	0.27087775410739534	361.6112144860884
july13_res_531	dummy_lc.txt	1	11.043097739841729	11110010111011101000000000111111110110111011111111100000000110111010110111111101111100000000011101011101111111111	9.659800569388127	NA	NA	NA	NA	11110010111011101000000000111111110110111011111111100000000110111010110111111101111100000000011101011101111111111	NA	NA	NA	NA	1.9878404828638563	0.8323714221902938	0.15589199661805608	353.72937379751505
july13_res_1	dummy_lc.txt	1	10.176936884592429	11111111111101111110000000001111111100111111111111111110000000001111111111101111111111111110000000000111111111101111111110	422.3779511402738	NA	NA	NA	NA	11111111111101111110000000001111111100111111111111111110000000001111111111101111111111111110000000000111111111101111111110	NA	NA	NA	NA	1.9905870535548515	0.0	1.0211407715155147	353.897855119372
july13_res_601	dummy_lc.txt	1	92.29814924817867	11011101110111	1.4138058160565512	NA	NA	NA	NA	11011101110111	NA	NA	NA	NA	1.9911585038165458	14.131999912803133	0.3566073832985631	367.0290350217165
july13_res_326	dummy_lc.txt	1	17.93732250243387	110111111100000011111111111111100000111110111101111000000111111111111	5.328822515776033	NA	NA	NA	NA	110111111100000011111111111111100000111110111101111000000111111111111	NA	NA	NA	NA	1.9900130411802077	7.456210726112834	0.16402627466883793	360.35327964913625
july13_res_337	dummy_lc.txt	2	40.03154029000965	1111100111111100111111100101111	35.86550990162667	55.48929802877624	NA	NA	NA	1111100111111100111111100101111	1111100111111100111111100101111	NA	NA	NA	1.9773739804624932	17.29162277601499	7.830899564469794	376.1873475603144
july13_res_682	dummy_lc.txt	2	62.18703521092717	11101111101111101111	11.449164873595608	16.30475415982152	NA	NA	NA	11101111101111101111	11101111101111101111	NA	NA	NA	1.9872470154378485	37.95448072816829	0.27735361560522503	390.851107937864
july13_res_997	dummy_lc.txt	2	34.288963400910994	110110001111111100011111111000111111	3.40623442567963	2.8950588188150146	NA	NA	NA	110110001111111100011111111000111111	110110001111111100011111111000111111	NA	NA	NA	1.9881548553201298	16.683316415918245	0.130957865774391	369.58033685836
july13_res_762	dummy_lc.txt	2	411.92788908378	1111	11.795677212752668	12.974407935565006	NA	NA	NA	1111	1001	NA	NA	NA	1.9895776824396352	0.0	0.5122081312927742	354.39457964647147
july13_res_482	dummy_lc.txt	2	97.18717854816725	1101110111011	6.347224144979213	4.579748873990095	NA	NA	NA	1101110111011	1101110111011	NA	NA	NA	1.9890843153841904	0.0	0.36492493265468423	353.3964735794116
july13_res_517	dummy_lc.txt	2	510.4664654280631	111	3.757045907856417	6.173224173928854	NA	NA	NA	111	111	NA	NA	NA	1.9890686139955092	0.0	0.5695764493931027	354.39304185587935
july13_res_422	dummy_lc.txt	2	81.9623632352173	1110111011010111	1.0919833844180573	2.2959885595079546	NA	NA	NA	1110111011010111	1110111011010111	NA	NA	NA	1.9883421866389728	7.268924151736628	0.2892246672132752	360.1659412847613
july13_res_192	dummy_lc.txt	2	37.03987504790993	111110011111111000111111100101111	1.5109426882846477	1.7812410154369596	NA	NA	NA	111110011111111000111111100101111	111110011111111000111111100101111	NA	NA	NA	1.9879286561722251	25.401080994289405	0.5176876414383519	378.2980986289235
july13_res_947	dummy_lc.txt	2	104.72152951994259	110111111011	1.4886914103142401	0.960766589605643	NA	NA	NA	110111111011	110111111011	NA	NA	NA	1.9890308143028805	21.049245202236264	0.5936562269995358	374.44617431211566
july13_res_702	dummy_lc.txt	2	38.923776569586344	11111001111111000111111100111111	133.2740276650221	15.257662082790207	NA	NA	NA	11111001111111000111111100111111	11101001101111000110110100111011	NA	NA	NA	1.983865782134661	14.315815852505994	0.419667749105155	367.7128042098863
july13_res_302	dummy_lc.txt	2	16.032760218596895	111011111111000000111110111101111110000001111111111111111100000011111111101111	0.6387756630468693	1.6548243743460835	NA	NA	NA	111011111111000000111110111101111110000001111111111111111100000011111111101111	111011111111000000111110111101111110000001111111111111111100000011111111101111	NA	NA	NA	1.9888818264595702	1.706249573403911	0.24236545631245643	354.60320180032267
july13_res_777	dummy_lc.txt	2	469.0159331616353	111	3.8149548253364354	3.0637890016112426	NA	NA	NA	111	111	NA	NA	NA	1.9894160064351643	278.1915291894759	0.4364294471270606	632.0884421884759
july13_res_717	dummy_lc.txt	2	24.49762766095967	111011110001111011011110001111111111110000111111111	0.7718268954153145	0.6207212813080899	NA	NA	NA	111011110001111011011110001111111111110000111111111	111011110001111011011110001111111111110000111111111	NA	NA	NA	1.9900439953158418	13.179703087876216	0.16391430125428594	366.076660352172
july13_res_452	dummy_lc.txt	2	11.564129802746688	111101001111111100000000111111110011111011111111000000000111111111111101011111110000000001110111110111111111	2.8927475866393317	4.186567247251882	NA	NA	NA	111101001111111100000000111111110011111011111111000000000111111111111101011111110000000001110111110111111111	111101001111111100000000111111110011111011111111000000000111111111111101011111110000000001110111110111111111	NA	NA	NA	1.9881561965633154	0.07899397828811995	0.2606290893919659	352.97604601093
july13_res_207	dummy_lc.txt	2	357.4634600271268	1111	2.6571633068109546	4.321109664480052	NA	NA	NA	1111	1111	NA	NA	NA	1.989051246010668	7.019457172191115	0.4822503487940896	360.9167901758577
july13_res_188	dummy_lc.txt	3	20.098323318424114	11110111110000111111111111110000011111011111110000011111011111	0.7934853738374532	1.9017536833751354	1.194465102635012	NA	NA	11110111110000111111111111110000011111011111110000011111011111	11110111110000111111111111110000011111011111110000011111011111	11110111110000111111111111110000011111011111110000011111011111	NA	NA	1.9980893606472212	1.224038947679681	0.32776462224286007	354.1210439477464
july13_res_148	dummy_lc.txt	3	395.3442834679394	1111	3.951123074240511	2.5139311582562622	5.81394726780338	NA	NA	1111	1111	1111	NA	NA	1.9907272431945253	0.0	0.631898015015722	354.3967329977493
july13_res_668	dummy_lc.txt	3	15.180515882714008	1110111101111000000111111011111111111000000011111111111111111000000011011101111110	1.2393061078363228	1.881027762583949	2.100519153184694	NA	NA	1110111101111000000111111011111111111000000011111111111111111000000011011101111110	1110111101111000000111111011111111111000000011111111111111111000000011011101111110	1110111101111000000111111011111111111000000011111111111111111000000011011101111110	NA	NA	1.990719372413969	1.1518782198714301	0.19581899725653645	354.045945113164
july13_res_811	dummy_lc.txt	1	253.73017948638815	11111	3.864476715552532	NA	NA	NA	NA	11111	NA	NA	NA	NA	1.9889801176775856	24.619253740735324	0.4224687505472228	378.01582419384374
july13_res_816	dummy_lc.txt	1	11.512092746414679	111001101111111000000000010111110011111111111111000000000011111111111111011111110000000001111111110111111110	4.492060848380221	NA	NA	NA	NA	111001101111111000000000010111110011111111111111000000000011111111111111011111110000000001111111110111111110	NA	NA	NA	NA	1.990561444084676	0.06109589070358475	0.14224549350830462	352.9580683422045
july13_res_681	dummy_lc.txt	1	21.929443109121113	111111111000011110111111110000111111111111000001111111110	10.832132351048825	NA	NA	NA	NA	111111111000011110111111110000111111111111000001111111110	NA	NA	NA	NA	1.992499211705208	3.6149928615182017	0.35021128146504504	357.01196252762924
july13_res_6	dummy_lc.txt	1	10.6571020107148	111110110111111111000000001111111110000111111111111100000000011111111101111101111111111000000000111111111101110111111	5.2887499491455365	NA	NA	NA	NA	111110110111111111000000001111111110000111111111111100000000011111111101111101111111111000000000111111111101110111111	NA	NA	NA	NA	1.9898662903424826	0.23232018414506228	0.1535867514905347	353.1292909597067
july13_res_761	dummy_lc.txt	1	22.941107662959194	110111111000011101111111100001111111111110000111111111	2.8964951644846644	NA	NA	NA	NA	110111111000011101111111100001111111111110000111111111	NA	NA	NA	NA	1.9861713121266027	0.261436498193836	0.19017533070979797	353.15844050055813
july13_res_751	dummy_lc.txt	1	283.58691230395084	11011	3.6399007140445296	NA	NA	NA	NA	11011	NA	NA	NA	NA	1.987009743502735	2.763582785525339	0.4993543566722816	356.1528023224676
july13_res_261	dummy_lc.txt	1	41.10898347354763	110110011011110011111110011111	19.17652777015898	NA	NA	NA	NA	110110011011110011111110011111	NA	NA	NA	NA	1.9899676796852215	6.913116002971343	0.22245661508869738	359.81008046314787
july13_res_386	dummy_lc.txt	1	206.91708658205604	111111	1.597099727657924	NA	NA	NA	NA	111111	NA	NA	NA	NA	1.9897318848753478	71.60627088024265	0.3194766331689547	424.50311554163136
july13_res_426	dummy_lc.txt	1	160.57396264653985	11111101	51.99413547048046	NA	NA	NA	NA	01110001	NA	NA	NA	NA	1.9877643425426332	13.688498724720791	0.31500590817907037	367.0859783993319
july13_res_831	dummy_lc.txt	1	67.51360802853749	1110111110111101111	5.545161897710088	NA	NA	NA	NA	1110111110111101111	NA	NA	NA	NA	1.984796968112389	8.714177954008772	0.27087775410739534	361.6112144860884
july13_res_531	dummy_lc.txt	1	11.043097739841729	11110010111011101000000000111111110110111011111111100000000110111010110111111101111100000000011101011101111111111	9.659800569388127	NA	NA	NA	NA	11110010111011101000000000111111110110111011111111100000000110111010110111111101111100000000011101011101111111111	NA	NA	NA	NA	1.9878404828638563	0.8323714221902938	0.15589199661805608	353.72937379751505
july13_res_1	dummy_lc.txt	1	10.176936884592429	11111111111101111110000000001111111100111111111111111110000000001111111111101111111111111110000000000111111111101111111110	422.3779511402738	NA	NA	NA	NA	11111111111101111110000000001111111100111111111111111110000000001111111111101111111111111110000000000111111111101111111110	NA	NA	NA	NA	1.9905870535548515	0.0	1.0211407715155147	353.897855119372
july13_res_601	dummy_lc.txt	1	92.29814924817867	11011101110111	1.4138058160565512	NA	NA	NA	NA	11011101110111	NA	NA	NA	NA	1.9911585038165458	14.131999912803133	0.3566073832985631	367.0290350217165
july13_res_326	dummy_lc.txt	1	17.93732250243387	110111111100000011111111111111100000111110111101111000000111111111111	5.328822515776033	NA	NA	NA	NA	110111111100000011111111111111100000111110111101111000000111111111111	NA	NA	NA	NA	1.9900130411802077	7.456210726112834	0.16402627466883793	360.35327964913625
july13_res_337	dummy_lc.txt	2	40.03154029000965	1111100111111100111111100101111	35.86550990162667	55.48929802877624	NA	NA	NA	1111100111111100111111100101111	1111100111111100111111100101111	NA	NA	NA	1.9773739804624932	17.29162277601499	7.830899564469794	376.1873475603144
july13_res_682	dummy_lc.txt	2	62.18703521092717	11101111101111101111	11.449164873595608	16.30475415982152	NA	NA	NA	11101111101111101111	11101111101111101111	NA	NA	NA	1.9872470154378485	37.95448072816829	0.27735361560522503	390.851107937864
july13_res_997	dummy_lc.txt	2	34.288963400910994	110110001111111100011111111000111111	3.40623442567963	2.8950588188150146	NA	NA	NA	110110001111111100011111111000111111	110110001111111100011111111000111111	NA	NA	NA	1.9881548553201298	16.683316415918245	0.130957865774391	369.58033685836
july13_res_762	dummy_lc.txt	2	411.92788908378	1111	11.795677212752668	12.974407935565006	NA	NA	NA	1111	1001	NA	NA	NA	1.9895776824396352	0.0	0.5122081312927742	354.39457964647147
july13_res_482	dummy_lc.txt	2	97.18717854816725	1101110111011	6.347224144979213	4.579748873990095	NA	NA	NA	1101110111011	1101110111011	NA	NA	NA	1.9890843153841904	0.0	0.36492493265468423	353.3964735794116
july13_res_517	dummy_lc.txt	2	510.4664654280631	111	3.757045907856417	6.173224173928854	NA	NA	NA	111	111	NA	NA	NA	1.9890686139955092	0.0	0.5695764493931027	354.39304185587935
july13_res_422	dummy_lc.txt	2	81.9623632352173	1110111011010111	1.0919833844180573	2.2959885595079546	NA	NA	NA	1110111011010111	1110111011010111	NA	NA	NA	1.9883421866389728	7.268924151736628	0.2892246672132752	360.1659412847613
july13_res_192	dummy_lc.txt	2	37.03987504790993	111110011111111000111111100101111	1.5109426882846477	1.7812410154369596	NA	NA	NA	111110011111111000111111100101111	111110011111111000111111100101111	NA	NA	NA	1.9879286561722251	25.401080994289405	0.5176876414383519	378.2980986289235
july13_res_947	dummy_lc.txt	2	104.72152951994259	110111111011	1.4886914103142401	0.960766589605643	NA	NA	NA	110111111011	110111111011	NA	NA	NA	1.9890308143028805	21.049245202236264	0.5936562269995358	374.44617431211566
july13_res_702	dummy_lc.txt	2	38.923776569586344	11111001111111000111111100111111	133.2740276650221	15.257662082790207	NA	NA	NA	11111001111111000111111100111111	11101001101111000110110100111011	NA	NA	NA	1.983865782134661	14.315815852505994	0.419667749105155	367.7128042098863
july13_res_302	dummy_lc.txt	2	16.032760218596895	111011111111000000111110111101111110000001111111111111111100000011111111101111	0.6387756630468693	1.6548243743460835	NA	NA	NA	111011111111000000111110111101111110000001111111111111111100000011111111101111	111011111111000000111110111101111110000001111111111111111100000011111111101111	NA	NA	NA	1.9888818264595702	1.706249573403911	0.24236545631245643	354.60320180032267
july13_res_777	dummy_lc.txt	2	469.0159331616353	111	3.8149548253364354	3.0637890016112426	NA	NA	NA	111	111	NA	NA	NA	1.9894160064351643	278.1915291894759	0.4364294471270606	632.0884421884759
july13_res_717	dummy_lc.txt	2	24.49762766095967	111011110001111011011110001111111111110000111111111	0.7718268954153145	0.6207212813080899	NA	NA	NA	111011110001111011011110001111111111110000111111111	111011110001111011011110001111111111110000111111111	NA	NA	NA	1.9900439953158418	13.179703087876216	0.16391430125428594	366.076660352172
july13_res_452	dummy_lc.txt	2	11.564129802746688	111101001111111100000000111111110011111011111111000000000111111111111101011111110000000001110111110111111111	2.8927475866393317	4.186567247251882	NA	NA	NA	111101001111111100000000111111110011111011111111000000000111111111111101011111110000000001110111110111111111	111101001111111100000000111111110011111011111111000000000111111111111101011111110000000001110111110111111111	NA	NA	NA	1.9881561965633154	0.07899397828811995	0.2606290893919659	352.97604601093
july13_res_207	dummy_lc.txt	2	357.4634600271268	1111	2.6571633068109546	4.321109664480052	NA	NA	NA	1111	1111	NA	NA	NA	1.989051246010668	7.019457172191115	0.4822503487940896	360.9167901758577
july13_res_188	dummy_lc.txt	3	20.098323318424114	11110111110000111111111111110000011111011111110000011111011111	0.7934853738374532	1.9017536833751354	1.194465102635012	NA	NA	11110111110000111111111111110000011111011111110000011111011111	11110111110000111111111111110000011111011111110000011111011111	11110111110000111111111111110000011111011111110000011111011111	NA	NA	1.9980893606472212	1.224038947679681	0.32776462224286007	354.1210439477464
july13_res_148	dummy_lc.txt	3	395.3442834679394	1111	3.951123074240511	2.5139311582562622	5.81394726780338	NA	NA	1111	1111	1111	NA	NA	1.9907272431945253	0.0	0.631898015015722	354.3967329977493
july13_res_668	dummy_lc.txt	3	15.180515882714008	1110111101111000000111111011111111111000000011111111111111111000000011011101111110	1.2393061078363228	1.881027762583949	2.100519153184694	NA	NA	1110111101111000000111111011111111111000000011111111111111111000000011011101111110	1110111101111000000111111011111111111000000011111111111111111000000011011101111110	1110111101111000000111111011111111111000000011111111111111111000000011011101111110	NA	NA	1.990719372413969	1.1518782198714301	0.19581899725653645	354.045945113164
july13_res_238	dummy_lc.txt	3	34.100474038259115	1111110011101111000111111110001010110	1.235853502626261	0.8640488663875624	1.2745503686329107	NA	NA	1111110011101111000111111110001010110	1111110011101111000111111110001010110	1111110011101111000111111110001010110	NA	NA	1.989947260342574	4.625717757191507	0.15635852205040268	357.5207706921896
july13_res_533	dummy_lc.txt	3	74.81792343123419	11101111011110111	6.302289372809689	3.6481907039421073	3.4194967852450517	NA	NA	11101111011110111	11101111011110111	11100111011010110	NA	NA	1.989420397210756	18.98707071177319	0.22592027292054595	371.8840660924713
july13_res_403	dummy_lc.txt	3	185.50380452820593	1111111	2.6105405248078055	3.950425738213451	1.372321826046412	NA	NA	1111111	1111111	1111111	NA	NA	1.987187465024586	101.05040716049928	0.24428482835963514	453.9426127783643
july13_res_323	dummy_lc.txt	3	426.206527491799	111	4.445562002326669	7.077545072776839	12.117340265910546	NA	NA	111	111	111	NA	NA	1.9907053333515699	0.0	0.5291500199961097	354.8970063333548
july13_res_553	dummy_lc.txt	3	52.893837300653956	111101111110111011011011	0.9834512463890647	1.1393250294145678	1.6072600074166563	NA	NA	111101111110111011011011	111101111110111011011011	111101111110111011011011	NA	NA	1.9923125509749469	18.19734779818401	0.23156163485677037	371.0944397174042
july13_res_88	dummy_lc.txt	3	18.346406274531784	11111111110000011111011111111100000011101101011111100000111111111110	1.339120572027333	1.8132941034648935	1.3802898437385833	NA	NA	11111111110000011111011111111100000011101101011111100000111111111110	11111111110000011111011111111100000011101101011111100000111111111110	11111111110000011111011111111100000011101101011111100000111111111110	NA	NA	1.991776670991213	2.782136239552112	0.21480756027871367	355.67913679542755
july13_res_928	dummy_lc.txt	3	68.02299995324582	1110111110111101110	2.6866226007202916	1.9830749709177156	2.857378458301438	NA	NA	1110111110111101110	1110111110111101110	1110111110111101110	NA	NA	1.989758892543134	5.274816171272627	0.16261819553900897	358.17184124051954
july13_res_48	dummy_lc.txt	3	473.7401730649988	111	4.505366569071871	5.57478835989675	3.550096717128524	NA	NA	111	111	111	NA	NA	1.988265682563423	74.94791807120532	0.4932824022566145	429.34485107062125
july13_res_139	dummy_lc.txt	4	58.528381495741165	1101011111011111001111	3.0504017806703345	4.995575290984628	4.77672589530194	4.927537990376385	NA	1101011111011111001111	1101011111011111001111	1101011111011111001111	1101011111011111001111	NA	1.990840541286568	5.3920336353541245	0.18454343433327391	358.28911541290813
july13_res_249	dummy_lc.txt	4	247.20390134192257	11111	103.8743432945168	1.2765134388494992	276.6052944776274	9.103132056541893	NA	11111	11111	11111	11111	NA	1.9895174127889714	19.16809637277315	2.7341714811812494	388.063808101628
july13_res_744	dummy_lc.txt	4	153.3391612015855	111101011	1.9332989915140473	3.933589616282194	3.0211747151590127	2.0628952215153986	NA	111101011	111101011	111101011	111101011	NA	1.9917511650049764	0.0	0.49933972721687897	353.39205412963963
july13_res_24	dummy_lc.txt	4	13.87811881815321	110111011110110000001111111011110101111100000000111111101111011110100000001111111011111111	0.5482451361699859	1.1086120509291928	0.7729626611704762	1.3198337995598337	NA	110111011110110000001111111011110101111100000000111111101111011110100000001111111011111111	110111011110110000001111111011110101111100000000111111101111011110100000001111111011111111	110111011110110000001111111011110101111100000000111111101111011110100000001111111011111111	110111011110110000001111111011110101111100000000111111101111011110100000001111111011111111	NA	1.9831291005511058	1.6061089877321675	0.13746153887779558	354.5030652013613
july13_res_649	dummy_lc.txt	4	80.4566839683135	1110111011110111	1.087291898688226	0.6074303482666286	0.879340517277121	0.8623912492847888	NA	1110111011110111	1110111011110111	1110111011110111	1110111011110111	NA	1.9853275351597315	12.81030505959238	0.3471625575181438	365.7073142001478
july13_res_14	dummy_lc.txt	4	33.77733874934916	1111110011101111100111111111000111111	4.802839908921573	3.4027244794859683	4.35030089286522	7.084664758117033	NA	1111110011101111100111111111000111111	1111110011101111100111111111000111111	1111110011101111100111111111000111111	1101110011101111100111111111000011101	NA	1.9888437807651438	7.2053156622443755	0.20490498925824835	360.1021157261871
july13_res_970	dummy_lc.txt	5	390.0312720647943	1111	2.976917861607503	1.514776138425714	1.4400746074892534	1.4822825045945158	1.46338428488554	1111	1111	1111	1111	1111	1.9897142057365158	0.0	0.7813337867661524	354.39707633394335
july13_res_45	dummy_lc.txt	5	252.46188340262853	11111	0.9271706310607115	2.213308905913812	1.386411293303163	1.7893656929961632	1.2744771301268163	11111	11111	11111	11111	11111	1.9901409727465176	24.491929309150763	0.6473169161041613	378.38071555118677
july13_res_460	dummy_lc.txt	5	298.15992667199373	11011	1.939673476147301	2.2180519399525873	1.023964818349502	1.8045140983528778	1.719937200858477	11011	11011	11011	11011	01001	1.9890810421614937	0.0	0.5141859154925816	353.8969529994437
july13_res_675	dummy_lc.txt	5	229.18862347945333	101111	1.218424187721325	1.8816146297785814	2.112804543058601	1.2611858646244398	1.1844730102604422	101111	101111	101111	101111	101111	1.9883633645472738	0.0	0.5748394645246242	353.39697680908677
july13_res_125	dummy_lc.txt	5	72.16659691264445	11101111011110111	6.192038947141897	7.458676735934177	6.168249576600339	6.034597534096941	3.26237987035889	11101111011110111	11101111011110111	11101111011110111	11101111011110111	11100101011110101	1.9916084110166057	24.48989189032769	0.5927405200167525	378.88684315829414
july13_res_515	dummy_lc.txt	5	100.40491713186965	1101110111011	1.2692527483167235	3.13125496190111	2.7153732736040337	1.7428748474095217	4.134223205324864	1101110111011	1101110111011	1101110111011	1101110111011	1101000001011	1.9931509743158053	1.8264175973062164	0.42712828195512215	355.2206666625181
july13_res_410	dummy_lc.txt	5	54.04595598943314	11110111111011011001111	1.2281258073990755	1.9622948780035154	2.9326522735070415	1.9512747582715766	2.483693473128788	11110111111011011001111	11110111111011011001111	11110111111011011001111	11110111111011011001111	10110011101010011001101	1.9865825026974642	8.898185964364444	0.2421466647991393	361.7951244301936
july13_res_145	dummy_lc.txt	5	583.8379150090753	111	6.156724749266768	4.459236266976116	5.148172220233386	8.018606157126284	8.401994327438063	111	111	111	111	111	1.990998493353117	63.759781297366395	0.9353849972336135	419.6566676301442
july13_res_910	dummy_lc.txt	5	483.57415412861496	111	3.4334360372910235	1.463587716342147	2.8995093138423687	1.464711180045295	3.0818571978790534	111	111	111	111	111	1.9888842418143444	57.40292979338106	0.4419621049892232	412.2999161266023
july13_nores_66	dummy_lc.txt	1	141.0290968772091	111101111	165.18893289095888	NA	NA	NA	NA	111101111	NA	NA	NA	NA	1.9881553954356932	31.764638728777634	0.40332058928076275	387.161603849779
july13_nores_346	dummy_lc.txt	1	26.0812192876878	111111110001111111111100011111101111000011111111	5.015842984816937	NA	NA	NA	NA	111111110001111111111100011111101111000011111111	NA	NA	NA	NA	1.9892654083265782	0.6497463141026808	0.0975814317482122	353.54674732774913
july13_nores_861	dummy_lc.txt	1	542.9199696895741	111	42.382659320306594	NA	NA	NA	NA	011	NA	NA	NA	NA	1.9894444646848901	0.0	0.4153681486493383	356.39698633326395
july13_nores_291	dummy_lc.txt	1	34.843240973703615	111111001111111100011111111000111111	8.129736387240388	NA	NA	NA	NA	111111001111111100011111111000111111	NA	NA	NA	NA	1.9854029093529475	5.269735656247406	0.37352936342718385	358.1669401076418
july13_nores_936	dummy_lc.txt	1	181.73139261291976	1111111	13.196534534798035	NA	NA	NA	NA	1111111	NA	NA	NA	NA	1.9892314697941287	0.0	0.38638702503988615	353.39619965327734
july13_nores_371	dummy_lc.txt	1	485.27341194538616	111	13.579617945115098	NA	NA	NA	NA	111	NA	NA	NA	NA	1.989484352034256	57.608878619477835	0.5305269197760265	412.00604495417184
july13_nores_551	dummy_lc.txt	1	63.38256725777537	11101111101111101111	125.70478352750989	NA	NA	NA	NA	10101000100011001101	NA	NA	NA	NA	1.990785725310581	31.274494365333126	0.3345042130693379	385.6717380340054
july13_nores_621	dummy_lc.txt	1	139.06410974365997	111101101	148.9788282602488	NA	NA	NA	NA	111101101	NA	NA	NA	NA	1.9940154224364393	0.0	3.14976555038729	362.3913954148965
july13_nores_511	dummy_lc.txt	1	23.09104483966764	111011110000111101111111000011111111111100001111111110	3.260351378302077	NA	NA	NA	NA	111011110000111101111111000011111111111100001111111110	NA	NA	NA	NA	1.9865938529468585	6.214941133759427	0.1826847323962188	359.11194275550827
july13_nores_171	dummy_lc.txt	1	42.15200938929	111110011111100011111100111111	1.4841701090522603	NA	NA	NA	NA	111110011111100011111100111111	NA	NA	NA	NA	1.9913828411707697	13.315480608136399	0.3316547304971615	366.21247884607266
july13_nores_956	dummy_lc.txt	1	507.1518514224145	111	7.872464026754898	NA	NA	NA	NA	111	NA	NA	NA	NA	1.9883754119019108	5.0218149419432105	0.9124648985855608	359.9109901119798
july13_nores_871	dummy_lc.txt	1	21.13113950910585	11010111100001111111111111100001111011101111000001111111111	1.3931437984832191	NA	NA	NA	NA	11010111100001111111111111100001111011101111000001111111111	NA	NA	NA	NA	1.9889401144088175	2.810893701951577	0.1731528006529196	355.7078971513291
july13_nores_381	dummy_lc.txt	1	21.08882552249277	11010111100001111111111111100001111011101111000001111111111	4.05866678240693	NA	NA	NA	NA	11010111100001111111111111100001111011101111000001111111111	NA	NA	NA	NA	1.9851289763403823	4.3683391698754575	0.21819653168043984	357.2653067226844
july13_nores_767	dummy_lc.txt	2	18.054556226857123	111111111100000111110111111111100000111011011111111000000111110111111	1.513375899248988	1.8083699046263693	NA	NA	NA	111111111100000111110111111111100000111011011111111000000111110111111	111111111100000111110111111111100000111011011111111000000111110111111	NA	NA	NA	1.993998552991539	6.508747435278007	0.3106206869718368	359.40573171097856
july13_nores_432	dummy_lc.txt	2	85.40045900155035	111011101110111	3.2324455700199435	3.2319752938584685	NA	NA	NA	111011101110111	111011101110111	NA	NA	NA	1.9867232232489427	1.5232393453399566	0.3655640756078298	354.42035375256245
july13_nores_452	dummy_lc.txt	2	61.69042439299149	11101111100111101111	15.7447855269518	9.807651281120826	NA	NA	NA	11101111100111101111	11101111100111101111	NA	NA	NA	1.9876625723274255	37.07091504518416	0.13975881844995983	389.9679116005245
july13_nores_437	dummy_lc.txt	2	13.739723202936206	1111100111111100000001111110111100111111100000001111110111101111111000000001111111011111111	3.6022874107900393	1.0436978465374485	NA	NA	NA	1111100111111100000001111110111100111111100000001111110111101111111000000001111111011111111	1111100111111100000001111110111100111111100000001111110111101111111000000001111111011111111	NA	NA	NA	1.9886114145956315	0.7554965284100174	0.1512352837220453	353.6525149157166
july13_nores_822	dummy_lc.txt	2	71.30386723197185	111011110111100111	1.6035119176985286	1.3417694941025116	NA	NA	NA	111011110111100111	111011110111100111	NA	NA	NA	1.986370398511653	7.430775660062965	0.4356556726452519	360.32774669651536
july13_nores_137	dummy_lc.txt	2	353.7214576945069	1111	11.479456802555509	8.025984040960914	NA	NA	NA	1111	0111	NA	NA	NA	1.987611958514747	3.471933815095359	0.585410271638088	358.36894681516173
july13_nores_267	dummy_lc.txt	2	208.47828137029077	111111	3.769095602491975	6.02931232853451	NA	NA	NA	111111	111111	NA	NA	NA	1.9893480711809144	70.17033069593168	0.39133501383468206	423.5638225263014
july13_nores_777	dummy_lc.txt	2	162.27266689450317	11111101	3.607553872203076	6.111309536964251	NA	NA	NA	11111101	11111101	NA	NA	NA	1.9869962241583392	3.0762159397188737	0.38369836877665164	356.47319681813775
july13_nores_262	dummy_lc.txt	2	20.920415196184297	11111111100001111111111111100000110111111111000001111111111	1.4768418161782468	2.0234089107980524	NA	NA	NA	11111111100001111111111111100000110111111111000001111111111	11111111100001111111111111100000110111111111000001111111111	NA	NA	NA	1.9873838522611633	7.504188513579517	0.28490433719377906	360.39639107969947
july13_nores_277	dummy_lc.txt	2	28.173645619378178	11111110001110111111000111011111100010111111	3.404621874797975	3.97382899557729	NA	NA	NA	11111110001110111111000111011111100010111111	11111110001110111111000111011111100010111111	NA	NA	NA	1.9908058517067282	9.1786345755795	0.2538036285106967	362.07558673531025
july13_nores_367	dummy_lc.txt	2	38.1322212756532	111110011111111001111111000111111	9.107416231771264	7.564898777494086	NA	NA	NA	111110011111111001111111000111111	111110011111111001111111000111111	NA	NA	NA	1.9912112779006022	14.776563028367972	0.1823901837493475	367.6734846153975
july13_nores_102	dummy_lc.txt	2	76.14172845959398	11101111011110111	5.39101966857957	2.8764149043838887	NA	NA	NA	11101111011110111	11101111011110111	NA	NA	NA	1.987371333489169	6.012880076269033	0.273551926840094	358.90993069690364
july13_nores_597	dummy_lc.txt	2	342.72884712651376	1111	6.432619981753202	14.736227095499123	NA	NA	NA	1111	1111	NA	NA	NA	1.9887867164127315	0.0	0.5127118027131303	354.3977996733052
july13_nores_172	dummy_lc.txt	2	71.59029169727489	111011110111100111	16.228930952840447	39.91881252320791	NA	NA	NA	111011110111100111	111011110111100111	NA	NA	NA	1.984006726291153	3.110607984246519	1.4730660911853606	358.00786459344033
july13_nores_67	dummy_lc.txt	2	57.48199103151897	1111011111001111001111	21.39495849094225	14.271591361590266	NA	NA	NA	1111011111001111001111	1111011111001111001111	NA	NA	NA	1.9883015490592324	1.4388489339724047	0.306111552006448	354.835828144402
july13_nores_482	dummy_lc.txt	2	22.474576487937128	1111111100001111011111111000011111011111100001111101111	0.8916847522721392	1.004306758108507	NA	NA	NA	1111111100001111011111111000011111011111100001111101111	1111111100001111011111111000011111011111100001111101111	NA	NA	NA	1.987027280139808	9.57841878522699	0.2335439342615683	362.4728474871447
july13_nores_282	dummy_lc.txt	2	34.49577660667412	111111001111101100011111111000111111	0.4472168735540613	2.177403050751056	NA	NA	NA	111111001111101100011111111000111111	111111001111101100011111111000111111	NA	NA	NA	1.9937874863244849	3.712022468213997	0.3472128824040355	356.6054537846757
